episode, reward, success, duration, steps, total_steps, memory length, avg_critic_loss, avg_actor_loss
7601, -184.00447523593903, 5, 19.523915518002468, 28, 2459633,                                             41955, 52.589561462402344, 440.33135986328125
7602, 2062.6811385154724, 1, 55.1124042449992, 108, 2459741,                                             42063, 52.360382080078125, 439.7252502441406
7603, -2869.707066297531, 3, 142.37291543600077, 215, 2459956,                                             42278, 52.65265655517578, 439.0967712402344
7604, 2252.2576054930687, 1, 38.89332963400011, 56, 2460012,                                             42334, 52.55390167236328, 438.69384765625
7605, -433.7927130460739, 5, 59.77700894699956, 91, 2460103,                                             42425, 53.369083404541016, 440.9018859863281
7606, -2841.7733883857727, 2, 51.11174969200147, 78, 2460181,                                             42503, 51.3992805480957, 439.37384033203125
7607, 2257.4064237475395, 1, 38.330279302001145, 55, 2460236,                                             42558, 53.005306243896484, 439.629150390625
7608, -158.60786932706833, 5, 39.31290389900096, 56, 2460292,                                             42614, 52.97266387939453, 439.8977355957031
7609, 2378.4264498353004, 1, 23.428490846003115, 36, 2460328,                                             42650, 51.320228576660156, 438.3531494140625
7610, 2006.6505926847458, 1, 53.544894160000695, 80, 2460408,                                             42730, 52.57523727416992, 439.6178283691406
7611, 2336.7870250940323, 1, 43.099030837998725, 62, 2460470,                                             42792, 52.017513275146484, 439.2782897949219
7612, -317.2942097187042, 5, 59.52290524400087, 85, 2460555,                                             42877, 51.86714172363281, 440.4995422363281
7613, -2762.404396414757, 2, 66.032986041002, 96, 2460651,                                             42973, 52.56991958618164, 439.0508728027344
7614, 2046.8904830217361, 1, 78.01806608799961, 114, 2460765,                                             43087, 51.78295135498047, 440.39129638671875
7615, -3732.9137630462646, 3, 131.4574380060003, 201, 2460966,                                             43288, 52.81440353393555, 441.20513916015625
7616, 2194.664849370718, 1, 51.16099319299974, 95, 2461061,                                             43383, 54.64533233642578, 442.2602233886719
7617, 1909.7523294389248, 1, 79.06618622899987, 153, 2461214,                                             43536, 51.993221282958984, 442.0614929199219
7618, -1553.1075348854065, 5, 120.65832180399957, 234, 2461448,                                             43770, 52.9748420715332, 442.3214111328125
7619, -425.7184382081032, 5, 54.11001559700162, 105, 2461553,                                             43875, 50.75979995727539, 442.1709899902344
7620, -454.92120414972305, 5, 57.7938039949986, 113, 2461666,                                             43988, 51.45367431640625, 443.14459228515625
7621, -123.37002548575401, 5, 22.992399224996916, 43, 2461709,                                             44031, 53.60490036010742, 444.1229553222656
7622, 2370.729247391224, 1, 28.202752050998242, 56, 2461765,                                             44087, 54.24163055419922, 442.9836120605469
7623, -695.2053439617157, 5, 101.91196699899956, 199, 2461964,                                             44286, 51.65892028808594, 442.8993835449219
7624, -2341.5859176516533, 3, 35.26549705099751, 66, 2462030,                                             44352, 52.61456298828125, 443.4316711425781
7625, 2303.136318862438, 1, 26.448484086999088, 50, 2462080,                                             44402, 52.325340270996094, 442.4735412597656
7626, -343.7197900414467, 5, 40.224046734001604, 81, 2462161,                                             44483, 52.30593490600586, 443.2664489746094
7627, -280.78635880351067, 5, 56.135947007998766, 94, 2462255,                                             44577, 52.822715759277344, 443.1622619628906
7628, 2016.799021601677, 1, 77.57263721400159, 153, 2462408,                                             44730, 51.61964797973633, 443.4186706542969
7629, -4700.099945008755, 2, 211.3399496339989, 409, 2462817,                                             45139, 52.467857360839844, 444.0384216308594
7630, 2298.4565511345863, 1, 27.67986687300072, 51, 2462868,                                             45190, 51.15833282470703, 444.5675048828125
7631, 2260.5172978937626, 1, 39.216113392001716, 77, 2462945,                                             45267, 50.31998825073242, 445.167724609375
7632, -315.21546721458435, 5, 21.772291937002592, 43, 2462988,                                             45310, 52.063316345214844, 443.1871032714844
7633, 2356.573508679867, 1, 32.90419436600132, 51, 2463039,                                             45361, 52.49808120727539, 444.1724548339844
7634, -2468.5777468681335, 3, 23.728885134001757, 44, 2463083,                                             45405, 51.12331771850586, 445.0745849609375
7635, 1783.509850859642, 1, 71.21861599899785, 138, 2463221,                                             45543, 53.456146240234375, 445.71044921875
7636, 1940.8067601025105, 1, 68.36092849800116, 130, 2463351,                                             45673, 51.23698043823242, 444.6552734375
7637, -214.74127984046936, 5, 17.29727332300172, 34, 2463385,                                             45707, 51.946163177490234, 445.237060546875
7638, -115.13799661397934, 5, 28.26858444399477, 50, 2463435,                                             45757, 52.986568450927734, 446.3216552734375
7639, -2566.015285015106, 3, 39.81358157900104, 73, 2463508,                                             45830, 52.976593017578125, 445.5684814453125
7640, 1599.244932293892, 1, 120.01748280199536, 224, 2463732,                                             46054, 52.16386032104492, 445.4568786621094
7641, -2646.3141721487045, 3, 72.26328764500067, 120, 2463852,                                             46174, 52.23331069946289, 445.9132385253906
7642, 2169.7951768040657, 1, 34.14517971999885, 65, 2463917,                                             46239, 54.10219192504883, 445.5758361816406
7643, -302.6489277780056, 5, 43.55060209099611, 81, 2463998,                                             46320, 53.57884979248047, 446.51702880859375
7644, -113.69479370117188, 5, 30.595919218001654, 51, 2464049,                                             46371, 54.76204299926758, 446.0533752441406
7645, -328.3552856743336, 5, 58.01593051200325, 108, 2464157,                                             46479, 52.29723358154297, 446.97564697265625
7646, -341.9333270788193, 5, 47.35347717499826, 88, 2464245,                                             46567, 52.146461486816406, 446.0311584472656
7647, -225.69678470492363, 5, 42.49824796200119, 81, 2464326,                                             46648, 52.47629165649414, 445.96966552734375
7648, 2169.618154644966, 1, 30.340639376998297, 59, 2464385,                                             46707, 51.16687774658203, 445.939453125
7649, 2099.8706532120705, 1, 55.53826709200075, 116, 2464501,                                             46823, 51.92100524902344, 447.0913391113281
7650, -2712.979102373123, 2, 53.74717325800157, 101, 2464602,                                             46924, 53.254417419433594, 445.7104797363281
7651, 2154.7815856933594, 1, 41.5102980369993, 70, 2464672,                                             46994, 53.60063552856445, 447.2086181640625
7652, -324.02899274230003, 5, 50.36127829799807, 92, 2464764,                                             47086, 54.036216735839844, 446.3097839355469
7653, -4003.423086941242, 2, 78.54933020899625, 158, 2464922,                                             47244, 53.13136672973633, 446.6541748046875
7654, -334.51788607239723, 5, 53.07892270800221, 107, 2465029,                                             47351, 54.077537536621094, 447.43511962890625
7655, 2120.525664806366, 1, 34.301464987001964, 67, 2465096,                                             47418, 53.89849090576172, 447.37579345703125
7656, -693.8552428483963, 5, 65.5292079629944, 125, 2465221,                                             47543, 53.79872131347656, 446.95037841796875
7657, -352.9227731227875, 5, 39.74920214099984, 74, 2465295,                                             47617, 52.716270446777344, 445.90350341796875
7658, -794.9090913534164, 5, 67.9595107310015, 131, 2465426,                                             47748, 52.75040817260742, 446.7569885253906
7659, 1749.0090143680573, 1, 99.02481011100463, 174, 2465600,                                             47922, 52.6445198059082, 447.7223815917969
7660, -735.1303415298462, 5, 109.53255286200147, 207, 2465807,                                             48129, 53.07391357421875, 447.4057922363281
7661, -2380.5333590507507, 2, 25.87442114100122, 50, 2465857,                                             48179, 52.34849548339844, 446.9729309082031
7662, 2427.9036911726, 1, 15.481591395000578, 30, 2465887,                                             48209, 52.931236267089844, 446.6669921875
7663, -211.33958101272583, 5, 18.386554132004676, 30, 2465917,                                             48239, 50.76457595825195, 448.1453857421875
7664, -3179.8731559515, 2, 41.02325505400222, 80, 2465997,                                             48319, 54.32612228393555, 448.09368896484375
7665, 2115.418370783329, 1, 58.94111739900109, 109, 2466106,                                             48428, 52.94075393676758, 447.98614501953125
7666, -2988.551567673683, 3, 110.51713721700071, 207, 2466313,                                             48635, 53.78352355957031, 447.7856140136719
7667, 2140.4494421482086, 1, 50.24385373399855, 98, 2466411,                                             48733, 53.77302551269531, 448.2528991699219
7668, -4999.029310822487, 3, 106.60479276799742, 222, 2466633,                                             48955, 52.99297332763672, 449.1734619140625
7669, -367.1770522594452, 5, 39.53332711699477, 77, 2466710,                                             49032, 52.896644592285156, 449.140869140625
7670, 2430.5278104543686, 1, 14.583332533999055, 30, 2466740,                                             49062, 54.17158508300781, 449.89276123046875
7671, -396.8107707500458, 5, 68.99443322599836, 129, 2466869,                                             49191, 52.162330627441406, 450.0500793457031
7672, -2453.197278916836, 2, 24.11459060299967, 49, 2466918,                                             49240, 53.41120147705078, 450.7071228027344
7673, -458.60936361551285, 5, 56.901661862000765, 108, 2467026,                                             49348, 53.88875961303711, 449.9225158691406
7674, -2641.676466524601, 3, 54.85847390900017, 105, 2467131,                                             49453, 53.48375701904297, 448.8194885253906
7675, -505.45259124040604, 5, 65.31243061500572, 132, 2467263,                                             49585, 54.587493896484375, 449.69891357421875
7676, 2321.6862168312073, 1, 24.590101611996943, 48, 2467311,                                             49633, 55.269256591796875, 450.9990539550781
7677, 1363.74175709486, 1, 123.2912059329974, 232, 2467543,                                             49865, 53.41758728027344, 449.7249450683594
7678, -2513.4676570892334, 2, 16.49690147000365, 30, 2467573,                                             49895, 55.001808166503906, 450.67645263671875
7679, -2421.2157163619995, 3, 39.857931071004714, 78, 2467651,                                             49973, 52.494956970214844, 449.57928466796875
7680, -446.3194725215435, 5, 63.987645594999776, 120, 2467771,                                             50093, 52.84366989135742, 450.7372131347656
7681, 1766.779135465622, 1, 48.26958904300409, 90, 2467861,                                             50183, 52.96295166015625, 450.3455810546875
7682, -997.4174702167511, 5, 105.81335518099513, 196, 2468057,                                             50379, 53.256717681884766, 450.1112976074219
7683, -3143.491393327713, 3, 92.17103664299793, 169, 2468226,                                             50548, 52.59303283691406, 450.9046630859375
7684, 2140.99971306324, 1, 48.46621482699993, 96, 2468322,                                             50644, 54.9637336730957, 450.0692443847656
7685, 2299.727941721678, 1, 34.04385014799482, 66, 2468388,                                             50710, 54.03676986694336, 449.9058532714844
7686, 1945.6671105027199, 1, 86.41707802399469, 167, 2468555,                                             50877, 52.61676025390625, 450.7688903808594
7687, -2432.3403673171997, 3, 15.717196813995542, 30, 2468585,                                             50907, 51.805904388427734, 450.4190979003906
7688, 1764.7630027532578, 1, 86.06565953399695, 165, 2468750,                                             51072, 54.37122344970703, 450.7197570800781
7689, -201.38661932945251, 5, 17.999350858997786, 35, 2468785,                                             51107, 53.10719680786133, 450.97442626953125
7690, -126.92481717467308, 5, 39.41494628700457, 72, 2468857,                                             51179, 54.10284423828125, 449.5205383300781
7691, -2349.989462554455, 3, 42.39150660199812, 81, 2468938,                                             51260, 53.82757568359375, 450.54595947265625
7692, -2417.3716316223145, 2, 33.38653490899742, 63, 2469001,                                             51323, 55.53104782104492, 450.9821472167969
7693, -691.5082087516785, 5, 79.18484860600438, 148, 2469149,                                             51471, 53.17250442504883, 450.5274353027344
7694, 2416.2424731105566, 1, 30.22366076999606, 52, 2469201,                                             51523, 52.73237609863281, 449.65966796875
7695, -4122.57217335701, 3, 164.12891307599784, 302, 2469503,                                             51825, 54.76908493041992, 451.958251953125
7696, -91.27049916982651, 5, 15.411929141002474, 30, 2469533,                                             51855, 51.081260681152344, 452.6094665527344
7697, -2305.05734539032, 3, 26.87527920899447, 51, 2469584,                                             51906, 55.282127380371094, 453.08184814453125
7698, -288.0057254731655, 5, 47.08295757399901, 91, 2469675,                                             51997, 54.98313522338867, 453.0234375
7699, 2123.994888663292, 1, 52.95384805700451, 94, 2469769,                                             52091, 52.997352600097656, 453.1370544433594
7700, -2317.2073009610176, 3, 30.287130087999685, 58, 2469827,                                             52149, 54.00080108642578, 452.9053649902344
7701, -275.32229006290436, 5, 37.29835468099918, 75, 2469902,                                             52224, 55.49580764770508, 452.802490234375
7702, 2364.3592605292797, 1, 25.67897515999357, 52, 2469954,                                             52276, 54.046024322509766, 451.7501525878906
7703, -764.3642128556967, 5, 101.97239643699868, 189, 2470143,                                             52465, 55.36471176147461, 453.3150939941406
7704, 2306.5966446995735, 1, 29.418713141996705, 58, 2470201,                                             52523, 55.568965911865234, 454.1142883300781
7705, -547.3498245477676, 5, 65.41833779000444, 129, 2470330,                                             52652, 54.50618362426758, 453.40606689453125
7706, -289.1267651319504, 5, 29.517479291993368, 59, 2470389,                                             52711, 55.993900299072266, 454.7101745605469
7707, 2230.3534964323044, 1, 29.63216080300481, 58, 2470447,                                             52769, 55.4592399597168, 451.5650329589844
7708, -2336.0376698970795, 3, 15.985660044003453, 32, 2470479,                                             52801, 53.866153717041016, 453.7689208984375
7709, 2238.167280435562, 1, 40.793966028002615, 77, 2470556,                                             52878, 53.11838150024414, 453.3328857421875
7710, -2122.035323858261, 5, 184.78161958500277, 349, 2470905,                                             53227, 53.49186706542969, 453.6590576171875
7711, 1646.6519422531128, 1, 74.04257264400076, 148, 2471053,                                             53375, 54.60336685180664, 455.1365051269531
7712, -1302.3810360431671, 5, 108.77287292099936, 207, 2471260,                                             53582, 54.88603973388672, 454.6242980957031
7713, 2382.1255338191986, 1, 16.853800530996523, 30, 2471290,                                             53612, 55.69189453125, 455.0010070800781
7714, -2900.6645426750183, 2, 61.36859938500129, 115, 2471405,                                             53727, 54.31694412231445, 454.1842956542969
7715, -164.7566275894642, 5, 30.934000722998462, 60, 2471465,                                             53787, 56.73312759399414, 455.2117919921875
7716, 2136.2075707912445, 1, 45.897950214995944, 89, 2471554,                                             53876, 55.14494705200195, 455.0689392089844
7717, -3540.894294500351, 3, 109.83024717999797, 223, 2471777,                                             54099, 54.94599151611328, 455.3431091308594
7718, 2288.907301723957, 1, 29.5511671580025, 56, 2471833,                                             54155, 53.74863815307617, 454.9034729003906
7719, 1668.9645657539368, 1, 60.91098331800458, 114, 2471947,                                             54269, 55.51054000854492, 455.860595703125
7720, -1350.4572495222092, 5, 80.8980923220006, 156, 2472103,                                             54425, 55.46836853027344, 455.2370910644531
7721, 1858.9912569522858, 1, 82.13073354900553, 153, 2472256,                                             54578, 55.41266632080078, 455.69537353515625
7722, -525.046491920948, 5, 86.71559637600149, 170, 2472426,                                             54748, 55.36799240112305, 456.1191101074219
7723, 1614.1368774175644, 1, 93.93550432500342, 188, 2472614,                                             54936, 55.19826126098633, 455.61077880859375
7724, -2844.7826499938965, 3, 26.336483585997485, 45, 2472659,                                             54981, 56.19252395629883, 457.1444396972656
7725, 2332.739095106721, 1, 26.143627051002113, 41, 2472700,                                             55022, 53.99894714355469, 455.3033447265625
7726, -376.5450263917446, 5, 24.175264810000954, 48, 2472748,                                             55070, 54.67767333984375, 456.2955627441406
7727, 2139.2789936065674, 1, 38.84422340200399, 78, 2472826,                                             55148, 54.64466094970703, 456.6452331542969
7728, -2359.6940783262253, 3, 31.239070235998952, 62, 2472888,                                             55210, 55.48989486694336, 456.9204406738281
7729, -2722.739717066288, 2, 50.59147300499899, 101, 2472989,                                             55311, 54.240928649902344, 456.6172790527344
7730, 2125.8752282857895, 1, 46.99199909099843, 92, 2473081,                                             55403, 54.662017822265625, 455.33233642578125
7731, -1738.1598510742188, 5, 167.40041455699975, 327, 2473408,                                             55730, 55.721580505371094, 457.1334533691406
7732, -182.51712465286255, 5, 31.865545262000524, 61, 2473469,                                             55791, 54.96733474731445, 456.8664855957031
7733, -3024.1703686714172, 3, 110.31004004800343, 218, 2473687,                                             56009, 55.934715270996094, 456.8857421875
7734, 2100.773902773857, 1, 58.97583076700539, 112, 2473799,                                             56121, 55.703121185302734, 457.25469970703125
7735, -2645.5904570817947, 3, 65.02807178199873, 127, 2473926,                                             56248, 55.9737434387207, 457.64776611328125
7736, -3506.6506684422493, 2, 54.04173023800104, 108, 2474034,                                             56356, 55.89443588256836, 455.8138122558594
7737, 2341.359715759754, 1, 31.639196449999872, 63, 2474097,                                             56419, 56.931209564208984, 456.9422302246094
7738, -1405.5911421775818, 5, 130.1984659120062, 256, 2474353,                                             56675, 55.98999786376953, 457.961669921875
7739, 2218.190959095955, 1, 29.120195356001204, 56, 2474409,                                             56731, 57.547760009765625, 458.77032470703125
7740, -375.80287677049637, 5, 37.08657431999745, 68, 2474477,                                             56799, 56.18363571166992, 457.7312927246094
7741, -658.1867600381374, 5, 89.92539351299638, 174, 2474651,                                             56973, 56.20517349243164, 458.27593994140625
7742, 2413.320230126381, 1, 16.17632789900381, 30, 2474681,                                             57003, 51.807613372802734, 458.7653503417969
7743, -2284.4844732284546, 3, 17.314595037998515, 33, 2474714,                                             57036, 57.94988250732422, 458.1589050292969
7744, -2482.7406536340714, 3, 40.19351167000423, 81, 2474795,                                             57117, 55.67387008666992, 458.1281433105469
7745, -435.7507013082504, 5, 51.61528720299975, 102, 2474897,                                             57219, 57.29268264770508, 458.7947998046875
7746, -3022.7718143463135, 3, 84.65269531899685, 162, 2475059,                                             57381, 56.19557189941406, 458.7142028808594
7747, 2350.8612431287766, 1, 20.313302196998848, 38, 2475097,                                             57419, 58.14192199707031, 458.3404541015625
7748, -2358.3722405433655, 3, 20.008590881996497, 38, 2475135,                                             57457, 56.4940299987793, 459.7123107910156
7749, 2053.8139733076096, 1, 53.9539687180004, 107, 2475242,                                             57564, 57.93619155883789, 458.9408264160156
7750, -6192.7781291008, 5, 382.05942300400056, 736, 2475978,                                             58300, 56.07151794433594, 459.31402587890625
7751, -281.25703835487366, 5, 42.4538730159984, 79, 2476057,                                             58379, 56.535057067871094, 460.2995300292969
7752, 1803.595810174942, 1, 71.61695129000145, 136, 2476193,                                             58515, 55.50592041015625, 460.5539855957031
7753, -787.8490582108498, 5, 88.97268100200017, 169, 2476362,                                             58684, 56.83393859863281, 460.13580322265625
7754, 2345.989489555359, 1, 29.4550812699963, 50, 2476412,                                             58734, 56.748836517333984, 460.0783996582031
7755, -2435.111904144287, 3, 48.756583538000996, 87, 2476499,                                             58821, 56.098262786865234, 460.77630615234375
7756, 2120.190656065941, 1, 56.47423523199541, 98, 2476597,                                             58919, 53.8961296081543, 461.2132568359375
7757, -3076.972395658493, 5, 139.34105814499344, 260, 2476857,                                             59179, 56.9820442199707, 460.7783203125
7758, -2683.42240858078, 2, 40.21836547899875, 78, 2476935,                                             59257, 58.772117614746094, 460.99078369140625
7759, 2340.9525379538536, 1, 33.805476476001786, 63, 2476998,                                             59320, 55.20341491699219, 461.83203125
7760, -1055.170442700386, 5, 129.57236912499502, 239, 2477237,                                             59559, 56.25767135620117, 460.9932861328125
7761, -2356.5530906915665, 3, 30.256777351998608, 53, 2477290,                                             59612, 54.903934478759766, 461.5133361816406
7762, -303.4912303686142, 5, 50.33929404600349, 89, 2477379,                                             59701, 55.63844299316406, 461.6568298339844
7763, -2757.151631951332, 2, 37.81306231799681, 69, 2477448,                                             59770, 56.09113693237305, 461.3926086425781
7764, -2811.7816667556763, 2, 57.20518247000291, 103, 2477551,                                             59873, 57.2946662902832, 462.477294921875
7765, -2421.580641388893, 3, 43.835521255998174, 79, 2477630,                                             59952, 57.245304107666016, 461.4150085449219
7766, 2200.41071921587, 1, 32.965280609998445, 63, 2477693,                                             60015, 57.47134017944336, 463.09918212890625
7767, -498.0597277879715, 5, 54.077049032996, 100, 2477793,                                             60115, 55.56074142456055, 462.1167907714844
7768, 2202.354135274887, 1, 33.484050956998544, 60, 2477853,                                             60175, 57.79059982299805, 460.97113037109375
7769, -2416.766739010811, 3, 16.2507534710021, 30, 2477883,                                             60205, 59.006309509277344, 462.9106140136719
7770, 2365.6993629336357, 1, 32.51049666600011, 63, 2477946,                                             60268, 55.7192497253418, 461.919189453125
7771, -4302.557243347168, 2, 50.636220132000744, 97, 2478043,                                             60365, 57.50700759887695, 463.4006652832031
7772, -964.1042540371418, 5, 127.76769997899828, 248, 2478291,                                             60613, 58.086761474609375, 462.18548583984375
7773, 2295.39374768734, 1, 28.17530966400227, 53, 2478344,                                             60666, 56.47669219970703, 463.89862060546875
7774, -221.86738860607147, 5, 27.85683832599898, 57, 2478401,                                             60723, 58.14112091064453, 461.3252258300781
7775, 2345.5755401849747, 1, 23.37021188699873, 47, 2478448,                                             60770, 58.8060188293457, 463.6388854980469
7776, -270.17114412784576, 5, 38.33091444299498, 72, 2478520,                                             60842, 59.89712142944336, 462.49652099609375
7777, -2614.5270874500275, 3, 49.202678002999164, 93, 2478613,                                             60935, 55.52434539794922, 463.56158447265625
7778, -2499.0480798482895, 2, 41.83431130399549, 82, 2478695,                                             61017, 55.46419906616211, 463.0727844238281
7779, 2349.419146180153, 1, 31.828414322000754, 58, 2478753,                                             61075, 58.38799285888672, 462.05584716796875
7780, -2392.3177005052567, 3, 31.635861686998396, 58, 2478811,                                             61133, 57.33974838256836, 462.02484130859375
7781, 2387.348449230194, 1, 28.85571538500517, 55, 2478866,                                             61188, 55.53453063964844, 462.09832763671875
7782, -208.24767756462097, 5, 16.310023814003216, 30, 2478896,                                             61218, 57.09441375732422, 463.76177978515625
7783, -2297.7321330308914, 3, 33.57614816300338, 65, 2478961,                                             61283, 59.14195251464844, 463.6654968261719
7784, 2014.4828612804413, 1, 58.5589054910015, 108, 2479069,                                             61391, 59.196441650390625, 462.2005310058594
7785, -4511.4476754665375, 5, 239.3836571110005, 460, 2479529,                                             61851, 58.21544647216797, 464.0470886230469
7786, -3221.0414378643036, 2, 61.732825459002925, 121, 2479650,                                             61972, 56.3098030090332, 464.3782653808594
7787, -204.94121319055557, 5, 27.69405883100262, 51, 2479701,                                             62023, 56.8719596862793, 465.986083984375
7788, -167.45484673976898, 5, 23.688980111997807, 42, 2479743,                                             62065, 59.2554931640625, 465.6031799316406
7789, -2348.0773482322693, 3, 24.184258490000502, 45, 2479788,                                             62110, 59.154903411865234, 465.7086486816406
7790, 2383.2594566345215, 1, 18.302448244001425, 31, 2479819,                                             62141, 60.37554168701172, 465.093017578125
7791, -3735.6292781829834, 3, 109.92781012100022, 211, 2480030,                                             62352, 56.59520721435547, 465.1476745605469
7792, -695.6489505171776, 5, 82.04836274399713, 161, 2480191,                                             62513, 57.52280807495117, 465.0921936035156
7793, 1931.058747768402, 1, 69.72078015100124, 135, 2480326,                                             62648, 58.89482498168945, 465.7278747558594
7794, -566.069487452507, 5, 17.436177896001027, 31, 2480357,                                             62679, 57.03800582885742, 466.2651672363281
7795, -4116.64748942852, 2, 79.4109071089988, 147, 2480504,                                             62826, 59.368003845214844, 465.22174072265625
7796, 2183.0246688127518, 1, 48.926531021999836, 64, 2480568,                                             62890, 57.900821685791016, 465.0773010253906
7797, -2635.0161879062653, 2, 32.206911467998, 42, 2480610,                                             62932, 58.64158248901367, 465.7177734375
7798, -160.77383264899254, 5, 29.87680394799827, 44, 2480654,                                             62976, 58.92735290527344, 466.6490173339844
7799, -657.6621952056885, 5, 96.76821338499576, 145, 2480799,                                             63121, 58.60453414916992, 465.37579345703125
7800, -2420.148094892502, 3, 39.38243467400025, 67, 2480866,                                             63188, 56.94127655029297, 465.8376770019531
7801, -987.5071179270744, 5, 129.2832255470057, 201, 2481067,                                             63389, 57.828086853027344, 466.4847717285156
