episode, reward, success, duration, steps, total_steps, memory length, avg_critic_loss, avg_actor_loss
7901, 2368.1584817022085, 1, 15.77884281399929, 30, 2492863,                                             75185, 62.644161224365234, 492.494140625
7902, 2096.262682020664, 1, 37.36901358599971, 74, 2492937,                                             75259, 64.15470886230469, 494.0087585449219
7903, -2787.4849696159363, 3, 18.40451550600119, 34, 2492971,                                             75293, 61.74576950073242, 494.1259765625
7904, -2491.4830894470215, 2, 53.33616052800062, 88, 2493059,                                             75381, 64.66236114501953, 493.8849792480469
7905, -576.4073134064674, 5, 87.56256162800128, 123, 2493182,                                             75504, 63.02785110473633, 492.8280944824219
7906, 2359.547612786293, 1, 30.72358043300119, 41, 2493223,                                             75545, 61.59166717529297, 494.7041320800781
7907, -3322.331773042679, 2, 113.49698689099932, 166, 2493389,                                             75711, 63.32320022583008, 493.9697265625
7908, 2258.6392816901207, 1, 39.86428404700018, 58, 2493447,                                             75769, 61.933475494384766, 495.2074279785156
7909, 518.1452597975731, 1, 225.61234282499936, 362, 2493809,                                             76131, 63.039859771728516, 494.2248229980469
7910, -2458.8875629901886, 3, 32.32574386899978, 53, 2493862,                                             76184, 63.333805084228516, 495.5577392578125
7911, -150.255186855793, 5, 36.71892375100106, 57, 2493919,                                             76241, 62.67448425292969, 495.9286193847656
7912, -2651.3249138593674, 3, 45.71932381099941, 68, 2493987,                                             76309, 64.46782684326172, 495.1533203125
7913, -153.0347648859024, 5, 24.810249064001255, 40, 2494027,                                             76349, 64.75568389892578, 496.04486083984375
7914, -2386.976875066757, 3, 51.104772857999706, 81, 2494108,                                             76430, 61.90169143676758, 494.88232421875
7915, 2380.2388920783997, 1, 20.989958015999946, 33, 2494141,                                             76463, 63.35546112060547, 495.4380187988281
7916, -459.6266726255417, 5, 64.04108187599923, 101, 2494242,                                             76564, 61.74787902832031, 495.9681396484375
7917, 2308.209795355797, 1, 27.75417768800071, 45, 2494287,                                             76609, 60.33997344970703, 495.77838134765625
7918, -185.17425191402435, 5, 38.31385091999982, 64, 2494351,                                             76673, 64.86730194091797, 494.6043395996094
7919, -2222.7532374858856, 3, 25.966141588000028, 45, 2494396,                                             76718, 64.55987548828125, 496.64288330078125
7920, -246.78949350118637, 5, 43.87241893300052, 72, 2494468,                                             76790, 63.52119827270508, 495.0716247558594
7921, -3734.677452683449, 2, 103.04082982399996, 169, 2494637,                                             76959, 63.343536376953125, 495.15093994140625
7922, 2227.1738439798355, 1, 46.98126768700058, 76, 2494713,                                             77035, 61.158653259277344, 496.7064514160156
7923, -2518.8526134490967, 3, 39.64417311299985, 67, 2494780,                                             77102, 61.6820068359375, 495.0101013183594
7924, 1392.9877246022224, 1, 96.67559724300008, 163, 2494943,                                             77265, 62.25007247924805, 496.4834289550781
7925, -614.9132136404514, 5, 85.02172170799895, 145, 2495088,                                             77410, 63.19445037841797, 495.7754211425781
7926, 2361.4314368367195, 1, 23.34314328400069, 39, 2495127,                                             77449, 63.455810546875, 493.2627258300781
7927, 205.32645639777184, 1, 269.82114870400073, 454, 2495581,                                             77903, 62.49500274658203, 495.909912109375
7928, -955.9893367886543, 5, 122.38168802800101, 221, 2495802,                                             78124, 62.57341003417969, 497.25091552734375
7929, -559.7824054956436, 5, 81.90663258200038, 139, 2495941,                                             78263, 62.844207763671875, 497.17596435546875
7930, -108.39386636018753, 5, 28.064158032000705, 48, 2495989,                                             78311, 62.44803237915039, 495.9591369628906
7931, -2271.9870244264603, 3, 31.814266428000337, 56, 2496045,                                             78367, 64.15697479248047, 496.90533447265625
7932, 1757.3439907431602, 1, 107.23558060400137, 171, 2496216,                                             78538, 64.3399429321289, 496.61993408203125
7933, -4099.700106561184, 5, 418.9873092739999, 675, 2496891,                                             79213, 62.66788101196289, 497.7887878417969
7934, 2228.73322224617, 1, 31.066470002999267, 51, 2496942,                                             79264, 65.93741607666016, 499.1601867675781
7935, -3108.0683339834213, 2, 68.56039352100015, 108, 2497050,                                             79372, 61.80226135253906, 499.4404296875
7936, 2440.2096781134605, 1, 20.75790439100092, 34, 2497084,                                             79406, 62.311920166015625, 499.8063049316406
7937, -2567.1668289899826, 3, 18.565105960000437, 30, 2497114,                                             79436, 61.10091018676758, 500.2725830078125
7938, 2369.909066081047, 1, 26.069292433001465, 39, 2497153,                                             79475, 64.67357635498047, 500.1876525878906
7939, -329.20884335041046, 5, 64.89841911999974, 98, 2497251,                                             79573, 62.843379974365234, 499.327880859375
7940, 1857.2302096784115, 1, 98.14542934100064, 146, 2497397,                                             79719, 61.67975616455078, 500.60198974609375
7941, -1680.3993415236473, 5, 187.78278918999968, 284, 2497681,                                             80003, 62.024105072021484, 500.31854248046875
7942, -3690.3253492712975, 2, 182.91631978199985, 278, 2497959,                                             80281, 63.656131744384766, 500.4693603515625
7943, -2315.723481297493, 3, 29.09864099799961, 44, 2498003,                                             80325, 65.0029525756836, 500.7103271484375
7944, -2477.8013068437576, 3, 39.14668175599945, 59, 2498062,                                             80384, 63.30193328857422, 502.14520263671875
7945, 2373.327052772045, 1, 25.225228907998826, 39, 2498101,                                             80423, 62.79810333251953, 501.1136779785156
7946, -2359.4534178972244, 3, 62.321107990999735, 90, 2498191,                                             80513, 62.826297760009766, 500.1954040527344
7947, 2214.438004255295, 1, 39.828873896000005, 55, 2498246,                                             80568, 64.21891784667969, 499.5321044921875
7948, -2728.1356739997864, 3, 85.5387858189988, 120, 2498366,                                             80688, 62.03166580200195, 500.7150573730469
7949, 2173.698668241501, 1, 52.64031103799971, 81, 2498447,                                             80769, 62.88762283325195, 500.7560729980469
7950, -812.3847117424011, 5, 110.40242513799967, 164, 2498611,                                             80933, 63.84842300415039, 500.3722229003906
7951, -2305.6315826177597, 3, 33.30783821000114, 51, 2498662,                                             80984, 62.52619552612305, 501.0208740234375
7952, 2284.038594663143, 1, 42.61141669499921, 67, 2498729,                                             81051, 62.03711700439453, 500.50927734375
7953, -3016.7195481061935, 3, 83.83302256199931, 123, 2498852,                                             81174, 63.21228790283203, 500.49456787109375
7954, 2384.321718275547, 1, 25.71770835800089, 40, 2498892,                                             81214, 64.46854400634766, 501.39520263671875
7955, -241.40741527080536, 5, 43.725131897999745, 68, 2498960,                                             81282, 63.359100341796875, 499.66778564453125
7956, -2767.6180061101913, 3, 78.30888285999936, 121, 2499081,                                             81403, 64.12357330322266, 500.2718811035156
7957, -133.70527613162994, 5, 26.156614976000128, 42, 2499123,                                             81445, 62.97892761230469, 502.78131103515625
7958, 2380.842150568962, 1, 31.11691243399946, 51, 2499174,                                             81496, 62.506385803222656, 501.76287841796875
7959, -2445.974909424782, 3, 51.90960061199985, 78, 2499252,                                             81574, 63.361053466796875, 501.4200744628906
7960, 0.3223682641983032, 1, 296.8550651810001, 459, 2499711,                                             82033, 63.68444061279297, 501.4394836425781
7961, -3766.3601021766663, 3, 173.76349661700078, 263, 2499974,                                             82296, 63.21273422241211, 502.910400390625
7962, 2278.346580147743, 1, 30.83869760199923, 50, 2500024,                                             82346, 63.284175872802734, 502.7791748046875
7963, -190.98385125398636, 5, 38.40187511299882, 64, 2500088,                                             82410, 62.94041442871094, 503.5902099609375
7964, -126.49579000473022, 5, 32.00677000399992, 49, 2500137,                                             82459, 63.75770950317383, 502.397705078125
7965, 2143.6663395166397, 1, 52.092509375999725, 85, 2500222,                                             82544, 61.99448013305664, 502.22955322265625
7966, -2379.7773609161377, 3, 40.231412929000726, 63, 2500285,                                             82607, 63.73270797729492, 503.0071716308594
7967, 2324.0378615260124, 1, 28.05374061600014, 45, 2500330,                                             82652, 64.0179214477539, 505.10699462890625
7968, 2281.2815262675285, 1, 42.05339099199955, 65, 2500395,                                             82717, 61.6347541809082, 501.3626708984375
7969, -974.7439016103745, 5, 97.75894451699969, 151, 2500546,                                             82868, 63.222442626953125, 501.806396484375
7970, 2381.2468674480915, 1, 27.28632456699961, 39, 2500585,                                             82907, 63.75088882446289, 504.0030517578125
7971, -2407.3462480306625, 3, 30.748506041998553, 47, 2500632,                                             82954, 62.394203186035156, 503.9202880859375
7972, -3176.6519510746, 3, 129.75179534699964, 201, 2500833,                                             83155, 63.29022979736328, 502.8805847167969
7973, 2417.450213074684, 1, 20.763055438001174, 30, 2500863,                                             83185, 62.79264831542969, 503.5054016113281
7974, -3313.5326809883118, 3, 104.47364835999906, 153, 2501016,                                             83338, 63.99497604370117, 503.1783142089844
7975, 2109.876114845276, 1, 78.56490643100005, 82, 2501098,                                             83420, 63.16440200805664, 503.51800537109375
7976, -4378.790912985802, 3, 276.6186015889998, 312, 2501410,                                             83732, 63.18074417114258, 503.0980529785156
7977, -221.93227648735046, 5, 31.042701412001406, 46, 2501456,                                             83778, 63.357975006103516, 503.04559326171875
7978, -2827.6427733898163, 2, 82.76279018100104, 119, 2501575,                                             83897, 63.22090530395508, 504.70794677734375
7979, -165.36362254619598, 5, 38.664322585000264, 41, 2501616,                                             83938, 63.56597137451172, 503.5326232910156
7980, -2377.4728693962097, 3, 48.447355985001195, 70, 2501686,                                             84008, 62.73175811767578, 503.8891296386719
7981, 2248.2866913080215, 1, 53.54761114100074, 79, 2501765,                                             84087, 63.3267707824707, 506.3070983886719
7982, -1108.3226405978203, 5, 150.4518021169988, 213, 2501978,                                             84300, 63.61355972290039, 504.5052490234375
7983, -699.8244953155518, 5, 99.37817769300091, 144, 2502122,                                             84444, 63.38829803466797, 504.3362121582031
7984, 388.9256430417299, 1, 211.6900571770002, 329, 2502451,                                             84773, 62.769935607910156, 505.14044189453125
7985, -2240.7425243854523, 2, 25.827752944000167, 39, 2502490,                                             84812, 58.035831451416016, 505.11126708984375
7986, -2642.538337945938, 3, 61.064032591000796, 96, 2502586,                                             84908, 60.45089340209961, 505.8367919921875
7987, -2605.8183722496033, 3, 71.14741780300028, 106, 2502692,                                             85014, 62.774776458740234, 505.2616882324219
7988, -93.17127948999405, 5, 24.78754500099967, 32, 2502724,                                             85046, 63.51215362548828, 506.54803466796875
7989, 2379.7904673814774, 1, 26.900375774999702, 34, 2502758,                                             85080, 64.50778198242188, 504.94158935546875
7990, -2389.451594352722, 3, 49.38395173600111, 63, 2502821,                                             85143, 64.7195053100586, 505.482666015625
7991, 2196.7405997514725, 1, 45.42043463899972, 78, 2502899,                                             85221, 62.549434661865234, 506.154296875
7992, -2833.558268547058, 3, 70.33688441099912, 116, 2503015,                                             85337, 63.723758697509766, 507.5020446777344
7993, -194.46406185626984, 5, 29.45134372299981, 48, 2503063,                                             85385, 63.9664192199707, 506.80517578125
7994, 1988.4531852006912, 1, 76.51146411199989, 132, 2503195,                                             85517, 63.38597869873047, 506.0177001953125
7995, -2446.1404852867126, 3, 30.345642972999485, 53, 2503248,                                             85570, 64.69866180419922, 505.6632385253906
7996, -2648.116010904312, 3, 40.546431940998445, 72, 2503320,                                             85642, 64.874267578125, 505.9762878417969
7997, 1881.3304681181908, 1, 73.7944385130013, 118, 2503438,                                             85760, 62.9388542175293, 506.8193054199219
7998, -2987.9579453468323, 3, 91.3264152260017, 157, 2503595,                                             85917, 63.8592643737793, 506.78125
7999, -320.11430037021637, 5, 38.91500334299781, 65, 2503660,                                             85982, 62.75253677368164, 507.11279296875
8000, -462.5185690522194, 5, 66.3702539779988, 101, 2503761,                                             86083, 62.8495979309082, 506.53875732421875
8001, 2367.0427523851395, 1, 17.97232863699901, 32, 2503793,                                             86115, 65.3327407836914, 506.60247802734375
8002, -1929.4069979190826, 5, 165.0498893139993, 293, 2504086,                                             86408, 64.28862762451172, 507.0965881347656
8003, 2182.7891602516174, 1, 48.53171657499843, 84, 2504170,                                             86492, 62.777313232421875, 505.5353088378906
8004, -517.3491220474243, 5, 17.493575764001434, 30, 2504200,                                             86522, 65.24839782714844, 506.2068786621094
8005, -1345.780286848545, 5, 157.89395834300012, 270, 2504470,                                             86792, 63.92646026611328, 507.38958740234375
8006, 2218.4440888166428, 1, 53.128998734999186, 92, 2504562,                                             86884, 63.628082275390625, 508.230224609375
8007, -1185.2785400152206, 5, 130.61541182600195, 219, 2504781,                                             87103, 63.50823974609375, 507.1321105957031
8008, -109.48820185661316, 5, 21.98035106399766, 38, 2504819,                                             87141, 66.87521362304688, 506.3722839355469
8009, -3744.850131750107, 2, 112.14304824899955, 187, 2505006,                                             87328, 63.854736328125, 507.4249267578125
8010, -2610.331507563591, 3, 54.87110647400186, 99, 2505105,                                             87427, 62.66566848754883, 507.4603576660156
8011, 2270.103513300419, 1, 38.94533036299981, 65, 2505170,                                             87492, 65.30885314941406, 509.9449462890625
8012, -3276.497874379158, 2, 128.25690754499738, 222, 2505392,                                             87714, 63.668235778808594, 507.1161193847656
8013, -234.1751570701599, 5, 38.8041279359968, 65, 2505457,                                             87779, 64.14776611328125, 507.9498291015625
8014, 2062.871104478836, 1, 49.604205261999596, 86, 2505543,                                             87865, 62.44737243652344, 506.9225158691406
8015, -523.8586015701294, 5, 66.67658323599971, 115, 2505658,                                             87980, 63.54883575439453, 507.56134033203125
8016, 1529.6905174553394, 1, 115.50411220100068, 202, 2505860,                                             88182, 63.61624526977539, 507.9927978515625
8017, -2790.063638687134, 3, 17.300250632000825, 30, 2505890,                                             88212, 63.9622802734375, 507.5506286621094
8018, -3095.297650575638, 3, 116.48227372600013, 203, 2506093,                                             88415, 63.04734802246094, 508.9571533203125
8019, -577.5181759595871, 5, 82.71993735899741, 148, 2506241,                                             88563, 63.363243103027344, 507.5186462402344
8020, 2243.6284539699554, 1, 24.26675580400115, 43, 2506284,                                             88606, 67.19367980957031, 508.80126953125
8021, -652.7534537315369, 5, 69.42731821000052, 120, 2506404,                                             88726, 64.03608703613281, 508.23028564453125
8022, 2300.1132138967514, 1, 31.692756797001493, 56, 2506460,                                             88782, 62.943443298339844, 508.1867980957031
8023, -135.38176596164703, 5, 30.242015507999895, 52, 2506512,                                             88834, 65.48426055908203, 509.7413635253906
8024, 2353.9910863637924, 1, 26.255820899001264, 45, 2506557,                                             88879, 60.587913513183594, 508.3101501464844
8025, -244.7848765850067, 5, 36.27271346999987, 64, 2506621,                                             88943, 62.235328674316406, 508.796875
8026, 2412.9721462726593, 1, 16.4315847580001, 30, 2506651,                                             88973, 61.66482925415039, 506.5469970703125
8027, -829.987520545721, 5, 76.92439856700003, 136, 2506787,                                             89109, 63.226043701171875, 508.6459655761719
8028, -2199.865581512451, 2, 27.473806150999735, 47, 2506834,                                             89156, 63.66620635986328, 508.06951904296875
8029, 2115.9852360486984, 1, 43.99664968700017, 73, 2506907,                                             89229, 65.2440185546875, 507.3031311035156
8030, -201.50106930732727, 5, 18.175364618997264, 32, 2506939,                                             89261, 63.575897216796875, 507.08160400390625
8031, -2874.433784365654, 3, 85.25867921300232, 150, 2507089,                                             89411, 63.0749626159668, 508.23577880859375
8032, 2086.657422542572, 1, 52.49569286000042, 94, 2507183,                                             89505, 63.31526184082031, 508.96435546875
8033, -159.20349383354187, 5, 17.530068817999563, 30, 2507213,                                             89535, 65.11791229248047, 508.81256103515625
8034, -233.59835642576218, 5, 42.2441210140023, 70, 2507283,                                             89605, 61.675724029541016, 508.1103820800781
8035, 2162.417390704155, 1, 39.247170423997886, 70, 2507353,                                             89675, 64.5374755859375, 508.0563049316406
8036, -2543.1944813728333, 3, 29.17235724100101, 53, 2507406,                                             89728, 62.840545654296875, 505.6221008300781
8037, -180.63871863484383, 5, 43.12519856500148, 75, 2507481,                                             89803, 61.81858825683594, 507.1128234863281
8038, -2331.4993970394135, 3, 25.75145793199772, 47, 2507528,                                             89850, 64.12813568115234, 506.8707580566406
8039, -312.3652202486992, 5, 56.240475354999944, 95, 2507623,                                             89945, 64.3499755859375, 508.8867492675781
8040, -774.5272161960602, 5, 88.80697202100055, 152, 2507775,                                             90097, 65.0133285522461, 508.1436462402344
8041, 2340.2271085977554, 1, 19.852645081002265, 36, 2507811,                                             90133, 64.791259765625, 506.68402099609375
8042, -134.94691014289856, 5, 22.581875052001124, 40, 2507851,                                             90173, 64.46172332763672, 509.96917724609375
8043, -2475.383710384369, 3, 40.14079318399672, 73, 2507924,                                             90246, 64.11168670654297, 508.1200866699219
8044, 2377.443991959095, 1, 20.961626544001774, 30, 2507954,                                             90276, 62.37558364868164, 507.34613037109375
8045, -497.4882274866104, 5, 67.18741836399931, 109, 2508063,                                             90385, 62.851593017578125, 507.91607666015625
8046, -2233.429701447487, 3, 25.94011225900249, 42, 2508105,                                             90427, 61.3199462890625, 505.7268371582031
8047, -258.2229976654053, 5, 40.38552827899912, 69, 2508174,                                             90496, 60.8514289855957, 510.98651123046875
8048, -5114.552669405937, 3, 249.27667312900303, 441, 2508615,                                             90937, 63.43546676635742, 509.01995849609375
8049, -2531.273122370243, 5, 167.76660772700052, 296, 2508911,                                             91233, 63.9466438293457, 510.4801940917969
8050, -2526.3708127737045, 3, 46.28724668400173, 76, 2508987,                                             91309, 64.96481323242188, 509.5023498535156
8051, 2255.522324204445, 1, 34.7322728500003, 61, 2509048,                                             91370, 62.9894905090332, 510.3329772949219
8052, -835.7067201733589, 5, 118.05759491299978, 196, 2509244,                                             91566, 63.484825134277344, 511.1639709472656
8053, 2202.917642354965, 1, 40.71624355499807, 69, 2509313,                                             91635, 64.05386352539062, 509.3367919921875
8054, -2495.9709174633026, 3, 44.047626793002564, 72, 2509385,                                             91707, 61.41231155395508, 510.3595275878906
8055, -2363.5838683843613, 3, 40.908602924999286, 69, 2509454,                                             91776, 64.40031433105469, 510.3521728515625
8056, 2264.4143374562263, 1, 39.216533729999355, 66, 2509520,                                             91842, 61.767372131347656, 509.296875
8057, -2541.8762810230255, 2, 17.14127799400012, 30, 2509550,                                             91872, 65.42323303222656, 510.9460144042969
8058, -608.1520773768425, 5, 77.90458990799743, 131, 2509681,                                             92003, 65.5252456665039, 511.04974365234375
8059, -134.6633304655552, 5, 24.16927497299912, 44, 2509725,                                             92047, 66.03446197509766, 511.2550964355469
8060, 1723.8811266422272, 1, 92.21762129600029, 160, 2509885,                                             92207, 62.798126220703125, 510.22222900390625
8061, 2019.0723481178284, 1, 66.59658868800034, 114, 2509999,                                             92321, 64.56996154785156, 510.9648742675781
8062, -1193.7158727645874, 5, 123.08903120999821, 217, 2510216,                                             92538, 63.6468505859375, 510.5440368652344
8063, 2314.456895470619, 1, 26.456713807998312, 45, 2510261,                                             92583, 63.75470733642578, 510.1078186035156
8064, 2119.457751393318, 1, 47.35142501100199, 83, 2510344,                                             92666, 64.1604232788086, 511.0648498535156
8065, -2561.6987314224243, 2, 15.925452597999538, 30, 2510374,                                             92696, 63.870670318603516, 508.9233093261719
8066, -649.8697037696838, 5, 82.78540856000109, 142, 2510516,                                             92838, 63.27030944824219, 511.3194885253906
8067, -4621.769132137299, 2, 104.74476501100071, 176, 2510692,                                             93014, 63.77631759643555, 510.7844543457031
8068, -271.79056745767593, 5, 38.094083922998834, 65, 2510757,                                             93079, 65.02135467529297, 511.10858154296875
8069, 2350.7855603694916, 1, 29.0100132760017, 50, 2510807,                                             93129, 62.931396484375, 512.0564575195312
8070, -2560.043233394623, 3, 46.473343572000886, 82, 2510889,                                             93211, 64.81999206542969, 511.1003723144531
8071, 2258.140269845724, 1, 45.83602530200005, 79, 2510968,                                             93290, 62.24624252319336, 510.83624267578125
8072, -658.4725658893585, 5, 103.80340791100025, 176, 2511144,                                             93466, 63.967323303222656, 511.7519226074219
8073, 1958.522298693657, 1, 61.01503304899961, 104, 2511248,                                             93570, 64.35256958007812, 511.5199890136719
8074, -2419.748593568802, 3, 35.08127556299951, 64, 2511312,                                             93634, 62.912227630615234, 510.3203125
8075, 1943.5635359883308, 1, 74.8926517889995, 129, 2511441,                                             93763, 64.26338958740234, 511.1997985839844
8076, -973.7845500707626, 5, 108.84485328099981, 194, 2511635,                                             93957, 64.79176330566406, 511.81109619140625
8077, 2156.499334216118, 1, 47.882660112998565, 81, 2511716,                                             94038, 62.7891960144043, 512.8359375
8078, -2966.184109210968, 2, 78.9498636290009, 135, 2511851,                                             94173, 63.421390533447266, 510.782470703125
8079, -204.52637147903442, 5, 26.796299175999593, 47, 2511898,                                             94220, 61.14528274536133, 509.5788879394531
8080, 2314.5863199979067, 1, 38.60831553200114, 67, 2511965,                                             94287, 65.72789001464844, 511.1732177734375
8081, -2437.7536022663116, 3, 45.37006503000157, 79, 2512044,                                             94366, 64.28880310058594, 512.6060180664062
8082, -148.17349076271057, 5, 26.817308123998373, 44, 2512088,                                             94410, 62.569149017333984, 511.3875732421875
8083, 2289.5392290353775, 1, 41.38910253600261, 73, 2512161,                                             94483, 63.782936096191406, 511.0752258300781
8084, -2434.339383840561, 3, 44.87354049900023, 75, 2512236,                                             94558, 62.920955657958984, 513.2111206054688
8085, 2311.045995950699, 1, 38.84816578900063, 67, 2512303,                                             94625, 61.252296447753906, 512.208984375
8086, -2490.122061729431, 3, 49.259571876002155, 85, 2512388,                                             94710, 62.735408782958984, 512.3289184570312
8087, 1355.692818403244, 1, 112.70466912399934, 199, 2512587,                                             94909, 63.50562286376953, 512.0074462890625
8088, -2348.226359963417, 5, 193.0519750989988, 336, 2512923,                                             95245, 62.78251266479492, 512.669921875
8089, -310.10653853416443, 5, 41.06622806299856, 71, 2512994,                                             95316, 65.34046173095703, 511.6643981933594
8090, 2020.449198961258, 1, 45.29296297100154, 82, 2513076,                                             95398, 65.76461029052734, 510.789306640625
8091, 2327.9656162261963, 1, 27.074988148000557, 48, 2513124,                                             95446, 63.04646301269531, 512.0316162109375
8092, -599.1662303209305, 5, 60.30728438799997, 105, 2513229,                                             95551, 62.749961853027344, 512.4658813476562
8093, 2279.0835433006287, 1, 28.92407802300295, 52, 2513281,                                             95603, 64.49520874023438, 512.5743408203125
8094, -393.35381162166595, 5, 44.63150964399756, 76, 2513357,                                             95679, 61.63600540161133, 512.3336791992188
8095, -445.17468988895416, 5, 41.597898888998316, 68, 2513425,                                             95747, 63.44051742553711, 512.2994384765625
8096, 2375.2692732810974, 1, 22.452051439999195, 40, 2513465,                                             95787, 63.63209915161133, 513.7769775390625
8097, 2283.7793675661087, 1, 30.366777788000036, 56, 2513521,                                             95843, 63.2838020324707, 512.8457641601562
8098, -2565.3020067214966, 2, 17.49848352399931, 30, 2513551,                                             95873, 61.43464660644531, 512.3486938476562
8099, -198.37730383872986, 5, 17.91863411400118, 30, 2513581,                                             95903, 65.57201385498047, 511.6185607910156
8100, -902.0761477947235, 5, 94.65461770800175, 163, 2513744,                                             96066, 64.36844635009766, 512.5737915039062
8101, 2366.0183003544807, 1, 29.31309448400134, 51, 2513795,                                             96117, 65.3834457397461, 513.3892822265625
8102, -3052.9496352672577, 2, 84.31291505099944, 144, 2513939,                                             96261, 64.68309783935547, 512.7540283203125
8103, 2307.4558077454567, 1, 40.1356576750004, 67, 2514006,                                             96328, 65.01717376708984, 512.6453857421875
8104, -866.3013460636139, 5, 81.42050700499749, 144, 2514150,                                             96472, 63.57833480834961, 512.8228149414062
8105, -3319.8273346424103, 3, 103.32947550300014, 177, 2514327,                                             96649, 63.541683197021484, 513.5338745117188
8106, -2635.4096068143845, 3, 39.584709908998775, 69, 2514396,                                             96718, 62.41405487060547, 513.5194091796875
8107, 2409.9659011363983, 1, 28.2133519529998, 51, 2514447,                                             96769, 64.35330200195312, 513.4097290039062
8108, 1057.9064507484436, 1, 147.10228332599945, 254, 2514701,                                             97023, 65.2166748046875, 514.9462890625
8109, 1673.3850438594818, 1, 91.68290694300231, 151, 2514852,                                             97174, 63.09263610839844, 513.7269897460938
8110, -217.53552144765854, 5, 31.431857199997467, 53, 2514905,                                             97227, 67.83441162109375, 513.8023071289062
8111, -352.63315653800964, 5, 53.33899407499848, 90, 2514995,                                             97317, 62.51970672607422, 513.2472534179688
8112, 2104.6850715875626, 1, 47.721555522002745, 81, 2515076,                                             97398, 63.75990295410156, 512.8865966796875
8113, -2769.0486528873444, 3, 64.64005140399968, 108, 2515184,                                             97506, 64.10871124267578, 514.214111328125
8114, -249.69889044761658, 5, 39.27369733899832, 65, 2515249,                                             97571, 63.96392822265625, 514.6702880859375
8115, 2337.415476322174, 1, 23.680746732999978, 36, 2515285,                                             97607, 60.74053192138672, 513.2973022460938
8116, -2604.1007494926453, 3, 43.40804682199814, 69, 2515354,                                             97676, 63.039756774902344, 513.7373657226562
8117, 2262.9444290697575, 1, 39.0407973170004, 65, 2515419,                                             97741, 63.525089263916016, 513.734130859375
8118, -3850.1298089027405, 2, 95.29453807000027, 159, 2515578,                                             97900, 65.35363006591797, 513.946044921875
8119, 2402.2912915945053, 1, 27.315795085996797, 45, 2515623,                                             97945, 65.23074340820312, 513.3540649414062
8120, -2460.3772978782654, 3, 46.45683654599998, 76, 2515699,                                             98021, 64.2936782836914, 516.191162109375
8121, -245.68929064273834, 5, 41.20569872800115, 67, 2515766,                                             98088, 65.44654846191406, 514.382080078125
8122, 2282.003894329071, 1, 35.44402360100139, 63, 2515829,                                             98151, 64.54241180419922, 513.7213134765625
8123, -603.5909494161606, 1, 262.73992581700077, 447, 2516276,                                             98598, 65.08921813964844, 515.3076782226562
8124, -609.8197994232178, 5, 19.34986806300003, 30, 2516306,                                             98628, 61.017723083496094, 514.895263671875
8125, 2202.19870737195, 1, 49.03214072099945, 86, 2516392,                                             98714, 64.7883071899414, 515.37841796875
8126, -2843.3212254047394, 2, 71.41167328900337, 125, 2516517,                                             98839, 64.06322479248047, 516.1729125976562
8127, 1819.7711090445518, 1, 92.78534174500237, 154, 2516671,                                             98993, 64.19975280761719, 516.4935913085938
8128, 1752.4633987247944, 1, 116.24576425499981, 202, 2516873,                                             99195, 65.13577270507812, 516.6411743164062
8129, -2603.223156452179, 2, 17.309838299002877, 30, 2516903,                                             99225, 64.99723052978516, 516.8677978515625
8130, -232.38114267587662, 5, 46.5932483339966, 77, 2516980,                                             99302, 64.35725402832031, 514.8661499023438
8131, 2087.037366628647, 1, 52.36757217400009, 90, 2517070,                                             99392, 63.74060821533203, 516.6201171875
8132, -525.9866992235184, 5, 62.443794353002886, 111, 2517181,                                             99503, 64.2893295288086, 516.1383666992188
8133, -1416.1805906295776, 5, 131.64412514300057, 226, 2517407,                                             99729, 64.02687072753906, 516.1034545898438
8134, 2222.020408153534, 1, 38.83080516900009, 67, 2517474,                                             99796, 63.94334411621094, 515.902587890625
8135, -1116.0251033306122, 5, 88.97210547400027, 156, 2517630,                                             99952, 64.34828186035156, 515.4573974609375
8136, -222.48724365234375, 5, 23.241488120002032, 41, 2517671,                                             99993, 66.53856658935547, 517.2614135742188
8137, -482.28425669670105, 5, 57.13193271199998, 98, 2517769,                                             100091, 65.61698150634766, 516.1802978515625
8138, -258.44999039173126, 5, 35.55775792300119, 62, 2517831,                                             100153, 64.18169403076172, 516.3382568359375
8139, 2353.5988124012947, 1, 25.271690822999517, 45, 2517876,                                             100198, 66.54644012451172, 515.223876953125
8140, -147.8005496263504, 5, 31.47449520599912, 52, 2517928,                                             100250, 64.63492584228516, 516.5726928710938
8141, -3146.834962964058, 3, 124.18706142900191, 201, 2518129,                                             100451, 65.967041015625, 515.9655151367188
8142, -5695.004821181297, 2, 401.40980139500243, 622, 2518751,                                             101073, 64.15570831298828, 517.27392578125
8143, 2233.2965193390846, 1, 77.20658424800058, 90, 2518841,                                             101163, 65.09300994873047, 517.9087524414062
8144, 2127.507767677307, 1, 124.74447820999922, 83, 2518924,                                             101246, 66.55310821533203, 518.0911865234375
8145, -213.67727088928223, 5, 20.133283795999887, 30, 2518954,                                             101276, 65.5457992553711, 519.3055419921875
8146, -2554.969524025917, 3, 48.84442767099972, 78, 2519032,                                             101354, 64.06816101074219, 517.9970703125
8147, -162.55746454000473, 5, 30.431641767001565, 44, 2519076,                                             101398, 66.19991302490234, 516.07275390625
8148, 2110.451929092407, 1, 52.63161776199922, 85, 2519161,                                             101483, 65.67807006835938, 517.851806640625
8149, -3237.076274752617, 5, 300.26277364600173, 496, 2519657,                                             101979, 64.5120620727539, 518.7571411132812
8150, -2464.402444422245, 3, 53.87909606199901, 90, 2519747,                                             102069, 64.1880111694336, 519.1029052734375
8151, 2178.7671214342117, 1, 38.50771604200054, 69, 2519816,                                             102138, 63.43806076049805, 519.3212890625
8152, 1861.4537271261215, 1, 61.09619281099731, 111, 2519927,                                             102249, 64.65576934814453, 518.6345825195312
8153, -340.7179627418518, 5, 36.30372754900236, 68, 2519995,                                             102317, 66.61346435546875, 519.7044067382812
8154, 2175.023749113083, 1, 45.28352435999841, 76, 2520071,                                             102393, 62.925506591796875, 518.0174560546875
8155, -1956.47294485569, 5, 176.9457472569993, 308, 2520379,                                             102701, 63.19833755493164, 519.1383666992188
8156, 1655.9729313850403, 1, 67.5651511219985, 114, 2520493,                                             102815, 64.91718292236328, 520.6622314453125
8157, -323.8884325027466, 5, 42.45149764999951, 76, 2520569,                                             102891, 67.60784912109375, 518.5767211914062
8158, -4372.024427175522, 3, 154.11062496500017, 257, 2520826,                                             103148, 64.60897827148438, 519.506103515625
8159, 2291.3528077602386, 1, 38.27485595200051, 62, 2520888,                                             103210, 65.28485870361328, 519.5926513671875
8160, -620.1938185691833, 5, 17.290624925000884, 30, 2520918,                                             103240, 63.65153121948242, 520.760498046875
8161, -186.124298453331, 5, 39.23142311400079, 65, 2520983,                                             103305, 67.16278076171875, 518.4398803710938
8162, 2255.5393285751343, 1, 31.13263290299801, 53, 2521036,                                             103358, 63.185176849365234, 520.6531372070312
8163, -310.11111283302307, 1, 237.79985926800146, 397, 2521433,                                             103755, 64.77755737304688, 520.8281860351562
8164, 1827.960841178894, 1, 58.25808934900124, 94, 2521527,                                             103849, 64.3486099243164, 520.2387084960938
8165, -4240.133240938187, 2, 129.81347061100314, 227, 2521754,                                             104076, 63.93613052368164, 520.5281982421875
8166, 2230.3475709557533, 1, 51.21532637900236, 84, 2521838,                                             104160, 63.50941848754883, 520.6614379882812
8167, 517.9228383898735, 1, 208.72856861299806, 354, 2522192,                                             104514, 65.1254653930664, 521.5609130859375
8168, -159.38191604614258, 5, 16.90074109499983, 30, 2522222,                                             104544, 66.9227294921875, 521.3504638671875
8169, 2296.2325761318207, 1, 32.44976660399698, 55, 2522277,                                             104599, 64.72404479980469, 522.7003784179688
8170, -1006.0280684232712, 5, 100.38961204600128, 170, 2522447,                                             104769, 64.56909942626953, 521.4486694335938
8171, -3099.8179562091827, 3, 101.60536716500064, 168, 2522615,                                             104937, 65.4042739868164, 523.173583984375
8172, -2516.177233338356, 3, 47.52607672399972, 82, 2522697,                                             105019, 64.54631805419922, 523.64794921875
8173, 2343.8167812228203, 1, 34.83310407300087, 58, 2522755,                                             105077, 65.61157989501953, 522.144287109375
8174, -3621.9373190402985, 5, 278.13774678199843, 466, 2523221,                                             105543, 65.73822784423828, 522.6143188476562
8175, -745.6575721502304, 5, 87.58566800400149, 149, 2523370,                                             105692, 64.01521301269531, 521.7852783203125
8176, 2172.9614164829254, 1, 49.726160659000016, 81, 2523451,                                             105773, 64.21749877929688, 522.419921875
8177, -1550.7909113168716, 5, 163.2739030879966, 272, 2523723,                                             106045, 65.42890167236328, 522.9910278320312
8178, 2429.4282625317574, 1, 21.582647330000327, 38, 2523761,                                             106083, 63.949623107910156, 523.9544677734375
8179, -1672.5432122945786, 5, 154.17530046899992, 260, 2524021,                                             106343, 64.49481201171875, 524.2802124023438
8180, 2416.826303035021, 1, 26.46134529399933, 46, 2524067,                                             106389, 62.91220474243164, 521.3673706054688
8181, -2634.1885571479797, 3, 51.17998504899879, 84, 2524151,                                             106473, 64.13700103759766, 523.644775390625
8182, 1155.18043923378, 1, 123.33369888499874, 212, 2524363,                                             106685, 64.72355651855469, 523.2342529296875
8183, -4076.6189675331116, 3, 163.9039709039971, 287, 2524650,                                             106972, 63.940242767333984, 524.49658203125
8184, -2291.950458407402, 3, 31.901445308001712, 52, 2524702,                                             107024, 65.4103012084961, 524.1015625
8185, 2174.8787543177605, 1, 55.39417918899926, 96, 2524798,                                             107120, 66.16487884521484, 524.6875610351562
8186, -1068.6517651081085, 5, 89.75187032999747, 152, 2524950,                                             107272, 65.74649047851562, 524.3630981445312
8187, -303.168732881546, 5, 43.337490460999106, 77, 2525027,                                             107349, 64.14286041259766, 523.0506591796875
8188, 2050.004387617111, 1, 46.792382694999105, 79, 2525106,                                             107428, 64.06536102294922, 524.01806640625
8189, 1530.9393908977509, 1, 93.16728677100036, 159, 2525265,                                             107587, 63.208866119384766, 524.9177856445312
8190, -1126.9325029850006, 5, 118.5747866640013, 199, 2525464,                                             107786, 64.26505279541016, 525.6504516601562
8191, 2175.420226752758, 1, 46.59120344799885, 81, 2525545,                                             107867, 63.027366638183594, 524.7482299804688
8192, -3452.1417424678802, 3, 122.1882271919967, 212, 2525757,                                             108079, 65.12049102783203, 523.5275268554688
8193, -2717.7938591241837, 2, 56.68566359200122, 98, 2525855,                                             108177, 64.78539276123047, 526.2970581054688
8194, -138.80601209402084, 5, 29.254943435000314, 50, 2525905,                                             108227, 64.0357894897461, 525.3509521484375
8195, 2352.31879901886, 1, 27.904187598000135, 47, 2525952,                                             108274, 66.47483825683594, 526.4649658203125
8196, -2658.754009962082, 3, 61.18342413899882, 109, 2526061,                                             108383, 64.35086059570312, 526.111328125
8197, 2270.4826989471912, 1, 42.452673640000285, 73, 2526134,                                             108456, 65.33667755126953, 525.5504760742188
8198, -1070.4730996489525, 5, 136.87123220099966, 232, 2526366,                                             108688, 64.68148803710938, 526.1719360351562
8199, -124.64301383495331, 5, 22.999622740000632, 40, 2526406,                                             108728, 66.29633331298828, 525.754150390625
8200, 2230.189039349556, 1, 33.09092403900286, 56, 2526462,                                             108784, 63.3869743347168, 527.4559326171875
8201, -749.668325304985, 5, 77.89527593300227, 126, 2526588,                                             108910, 65.8314437866211, 527.4248046875
8202, -170.32004833221436, 5, 23.963121041000704, 43, 2526631,                                             108953, 65.10743713378906, 526.3556518554688
8203, 2350.46024954319, 1, 23.76910266199775, 39, 2526670,                                             108992, 67.44890594482422, 529.8912963867188
8204, -3336.735582113266, 2, 90.90633412800162, 159, 2526829,                                             109151, 64.89998626708984, 526.2882080078125
8205, -527.0341167449951, 5, 66.58287379800095, 116, 2526945,                                             109267, 67.36503601074219, 526.4134521484375
8206, -274.057723402977, 5, 34.24513757399836, 58, 2527003,                                             109325, 64.9579086303711, 525.9500122070312
8207, 2290.0157558918, 1, 28.660168341000826, 47, 2527050,                                             109372, 65.84500122070312, 527.2412109375
8208, 813.9347597658634, 1, 230.21900670099785, 399, 2527449,                                             109771, 64.94578552246094, 526.40771484375
8209, -200.02184891700745, 5, 18.783656407998933, 34, 2527483,                                             109805, 64.47801971435547, 525.56201171875
8210, -1025.3681442141533, 5, 98.68748898999911, 175, 2527658,                                             109980, 66.09693145751953, 526.8509521484375
8211, 2353.316326737404, 1, 25.414452929999243, 45, 2527703,                                             110025, 64.81747436523438, 525.5971069335938
8212, -2923.9431772232056, 3, 50.695078499000374, 89, 2527792,                                             110114, 66.41917419433594, 526.5660400390625
8213, 2134.3898771703243, 1, 57.03456361500139, 97, 2527889,                                             110211, 65.17298889160156, 526.3164672851562
8214, -2926.8975870609283, 3, 66.51746636000098, 116, 2528005,                                             110327, 65.33367919921875, 526.8262939453125
8215, 1950.7564797997475, 1, 55.82940680899992, 100, 2528105,                                             110427, 64.79728698730469, 527.5574951171875
8216, -3157.9918028116226, 5, 346.51241865200063, 575, 2528680,                                             111002, 64.99122619628906, 527.3629760742188
8217, -2281.1494570970535, 3, 37.01192269499734, 48, 2528728,                                             111050, 66.0911636352539, 529.2413940429688
8218, -2444.2004321813583, 3, 44.97224935700069, 69, 2528797,                                             111119, 63.95262908935547, 528.0700073242188
8219, -2345.240885615349, 3, 30.6091001829991, 45, 2528842,                                             111164, 66.45854949951172, 527.4488525390625
8220, 1964.5566031336784, 1, 62.61619512899779, 106, 2528948,                                             111270, 64.3670883178711, 527.4387817382812
8221, -481.70674979686737, 5, 54.166558810000424, 97, 2529045,                                             111367, 66.1523666381836, 528.318603515625
8222, 2390.5344504117966, 1, 25.577351887000987, 45, 2529090,                                             111412, 63.72644805908203, 528.9293823242188
8223, -2921.761862754822, 3, 64.43998264599941, 111, 2529201,                                             111523, 64.36067199707031, 528.9351196289062
8224, 2304.398646324873, 1, 26.672316182997747, 47, 2529248,                                             111570, 67.21703338623047, 529.0244140625
8225, -1246.120212674141, 5, 129.73094973499974, 221, 2529469,                                             111791, 65.99253845214844, 528.4578857421875
8226, 2266.2438534498215, 1, 29.638546325997595, 48, 2529517,                                             111839, 67.3517837524414, 528.4320678710938
8227, 2107.9449508190155, 1, 51.427200658999936, 91, 2529608,                                             111930, 65.36993408203125, 530.1095581054688
8228, 1935.079346895218, 1, 40.843390240999724, 73, 2529681,                                             112003, 63.678016662597656, 528.0546875
8229, -346.70911979675293, 5, 21.953250425998704, 34, 2529715,                                             112037, 65.2641830444336, 527.6434326171875
8230, -2340.024998188019, 3, 37.8278988810016, 60, 2529775,                                             112097, 65.17124938964844, 528.803955078125
8231, -2428.8837814331055, 2, 40.7097177809992, 69, 2529844,                                             112166, 66.05753326416016, 530.1614379882812
8232, 2413.4684762358665, 1, 17.237967444001697, 30, 2529874,                                             112196, 65.33516693115234, 529.38134765625
8233, -565.6728718280792, 5, 69.33002141899851, 118, 2529992,                                             112314, 65.32133483886719, 529.4915771484375
8234, -2373.8966900110245, 3, 35.929683885002305, 63, 2530055,                                             112377, 64.8427963256836, 528.37646484375
8235, 1936.0155988633633, 1, 76.07801379300145, 134, 2530189,                                             112511, 63.9853515625, 529.6209716796875
8236, -375.1573202610016, 5, 32.38585732399952, 57, 2530246,                                             112568, 64.33760070800781, 528.2442016601562
8237, 2291.3701391220093, 1, 31.033543785997608, 55, 2530301,                                             112623, 67.88294982910156, 530.0533447265625
8238, -2819.4476232528687, 3, 73.08233521399961, 125, 2530426,                                             112748, 65.50383758544922, 528.8333129882812
8239, 1457.3724703788757, 1, 99.77217180099979, 175, 2530601,                                             112923, 66.1517105102539, 528.2584228515625
8240, -1527.3320212364197, 5, 151.12126448900017, 264, 2530865,                                             113187, 66.25301361083984, 529.86474609375
8241, -1470.6894525289536, 5, 150.64560419100235, 236, 2531101,                                             113423, 66.32096099853516, 528.50537109375
8242, 2167.076370358467, 1, 39.1766033229942, 59, 2531160,                                             113482, 67.40388488769531, 529.8626708984375
8243, -1032.5845748186111, 5, 130.61493619799876, 174, 2531334,                                             113656, 66.81346130371094, 529.9072265625
8244, -106.27117156982422, 5, 22.003110550998827, 30, 2531364,                                             113686, 62.85331344604492, 531.0676879882812
8245, 2155.888103246689, 1, 52.49599406299967, 77, 2531441,                                             113763, 64.64593505859375, 529.8138427734375
8246, -2828.7318222522736, 3, 99.22897014999762, 146, 2531587,                                             113909, 65.14237976074219, 528.7367553710938
8247, -2347.323659181595, 3, 35.532163772004424, 53, 2531640,                                             113962, 62.9786262512207, 527.4768676757812
8248, 2136.0365483164787, 1, 56.86315445500077, 86, 2531726,                                             114048, 64.24790954589844, 530.273681640625
8249, -833.068797826767, 5, 82.08657162899908, 112, 2531838,                                             114160, 66.67273712158203, 529.4151611328125
8250, 2296.751233935356, 1, 39.114733153001, 58, 2531896,                                             114218, 64.11679077148438, 529.9752197265625
8251, -1007.7576774358749, 5, 126.00776955400215, 177, 2532073,                                             114395, 65.21976470947266, 530.51123046875
8252, -366.7374382019043, 5, 55.18434727100248, 81, 2532154,                                             114476, 67.67062377929688, 529.6854858398438
8253, -345.50062787532806, 5, 52.6777710919996, 79, 2532233,                                             114555, 64.42469024658203, 529.2312622070312
8254, 2354.206003665924, 1, 27.63025455999741, 44, 2532277,                                             114599, 64.70270538330078, 531.3432006835938
8255, -4301.613490343094, 3, 166.31615623799735, 281, 2532558,                                             114880, 66.69541931152344, 530.5830078125
8256, -110.45592221617699, 5, 17.97062668899889, 30, 2532588,                                             114910, 65.3470230102539, 530.98193359375
8257, 2050.681223630905, 1, 56.84292422699946, 97, 2532685,                                             115007, 64.75861358642578, 530.2223510742188
8258, -2879.3503334522247, 2, 74.02411666599801, 126, 2532811,                                             115133, 63.585269927978516, 532.1229248046875
8259, 2337.6715645194054, 1, 30.868291924001824, 52, 2532863,                                             115185, 63.965003967285156, 530.8352661132812
8260, -2464.6293025016785, 3, 24.801687740997295, 38, 2532901,                                             115223, 63.1738166809082, 532.1515502929688
8261, 2420.859406799078, 1, 26.146996099996613, 44, 2532945,                                             115267, 66.94253540039062, 530.7886352539062
8262, -3544.5990055799484, 3, 136.897136142994, 234, 2533179,                                             115501, 65.39154052734375, 531.394775390625
8263, 2407.82876932621, 1, 21.195924425999692, 34, 2533213,                                             115535, 65.34867858886719, 532.131591796875
8264, -2322.611792087555, 2, 18.993288468001992, 31, 2533244,                                             115566, 68.25182342529297, 530.66748046875
8265, 2288.8846041560173, 1, 38.86111791400617, 67, 2533311,                                             115633, 67.50064849853516, 532.9893798828125
8266, -2533.72550034523, 2, 42.484333390995744, 74, 2533385,                                             115707, 64.60969543457031, 532.6224975585938
8267, -141.6917341351509, 5, 21.324865857997793, 38, 2533423,                                             115745, 66.09494018554688, 532.6878051757812
8268, 2145.6500433683395, 1, 40.589620635000756, 70, 2533493,                                             115815, 64.74778747558594, 532.8265380859375
8269, 1572.8892903327942, 1, 107.93153342200094, 181, 2533674,                                             115996, 65.1025619506836, 532.4373168945312
8270, -174.5378155708313, 5, 17.610927378998895, 30, 2533704,                                             116026, 67.06513977050781, 530.7864990234375
8271, 2161.8393542915583, 1, 55.676590567003586, 95, 2533799,                                             116121, 64.86845397949219, 532.1031494140625
8272, -82.49352931976318, 5, 17.40710703300283, 30, 2533829,                                             116151, 65.83747863769531, 532.1578979492188
8273, 2358.3381556272507, 1, 17.948852838002495, 31, 2533860,                                             116182, 66.34544372558594, 529.6820678710938
8274, -672.506187915802, 5, 77.24320609000279, 131, 2533991,                                             116313, 64.0193099975586, 531.8053588867188
8275, 2088.3919159173965, 1, 53.2631079970015, 89, 2534080,                                             116402, 66.98233795166016, 531.031005859375
8276, -965.0162532329559, 5, 103.97909723300108, 175, 2534255,                                             116577, 63.55131530761719, 532.156494140625
8277, 2379.061838746071, 1, 22.873850258998573, 39, 2534294,                                             116616, 67.47309112548828, 531.1266479492188
8278, -2356.3875076770782, 3, 19.436826889002987, 34, 2534328,                                             116650, 67.58172607421875, 530.3318481445312
8279, 2011.7036756277084, 1, 55.58001263200276, 92, 2534420,                                             116742, 67.17638397216797, 532.5628051757812
8280, -660.2394773364067, 5, 81.1646857980013, 139, 2534559,                                             116881, 67.10104370117188, 532.9164428710938
8281, -499.3511850833893, 5, 52.117925644000934, 89, 2534648,                                             116970, 65.94824981689453, 532.3880615234375
8282, -2388.401785850525, 3, 32.5688172309965, 52, 2534700,                                             117022, 65.07414245605469, 531.9573364257812
8283, 2171.619749724865, 1, 41.128520514997945, 70, 2534770,                                             117092, 66.23233032226562, 532.5947265625
8284, -273.6371097564697, 5, 18.20935533499869, 31, 2534801,                                             117123, 64.94793701171875, 532.2684936523438
8285, -162.12995797395706, 5, 23.791671503000543, 42, 2534843,                                             117165, 68.71541595458984, 533.7371826171875
8286, 1514.1456809043884, 1, 102.08581403800054, 180, 2535023,                                             117345, 64.49858093261719, 532.4124145507812
8287, -781.954439163208, 5, 63.17770098300389, 109, 2535132,                                             117454, 66.998291015625, 532.8450317382812
8288, -338.39995431900024, 5, 41.22629680799582, 72, 2535204,                                             117526, 66.47069549560547, 532.1071166992188
8289, 2321.259291291237, 1, 22.354103875004512, 39, 2535243,                                             117565, 64.27416229248047, 529.2620239257812
8290, -2745.014857172966, 3, 54.16914929699851, 90, 2535333,                                             117655, 64.97679138183594, 533.9453735351562
8291, -2620.3802152872086, 3, 60.2229721689946, 106, 2535439,                                             117761, 64.67200469970703, 532.7584228515625
8292, -276.45822644233704, 5, 49.63377614300407, 84, 2535523,                                             117845, 65.55360412597656, 532.5982055664062
8293, 2211.8698472976685, 1, 43.044764452999516, 71, 2535594,                                             117916, 65.7627944946289, 532.0899047851562
8294, -1690.0505185127258, 5, 167.79134886799875, 284, 2535878,                                             118200, 65.97603607177734, 532.7777709960938
8295, 28.589097023010254, 1, 234.85427286499907, 405, 2536283,                                             118605, 66.60259246826172, 532.4907836914062
8296, -4060.9901394844055, 2, 169.63972975899378, 292, 2536575,                                             118897, 66.14981842041016, 533.6083374023438
8297, 1471.634445309639, 1, 94.75567664599657, 159, 2536734,                                             119056, 66.22789764404297, 535.1214599609375
8298, -476.8422132730484, 5, 49.89407673799724, 85, 2536819,                                             119141, 65.62589263916016, 533.9581909179688
8299, 2342.207095980644, 1, 21.796357407998585, 37, 2536856,                                             119178, 64.66627502441406, 536.667724609375
8300, -2503.832399368286, 3, 45.41236711599777, 80, 2536936,                                             119258, 66.51008605957031, 535.3607177734375
8301, -308.88589948415756, 5, 50.024894572998164, 82, 2537018,                                             119340, 66.90677642822266, 534.8534545898438
8302, 1855.6619596481323, 1, 82.21632266500092, 140, 2537158,                                             119480, 65.0119400024414, 535.2935180664062
8303, -2338.1436030864716, 3, 30.56158990899712, 52, 2537210,                                             119532, 67.58136749267578, 532.588623046875
8304, 2348.372512102127, 1, 34.31105073700019, 61, 2537271,                                             119593, 67.77848815917969, 533.2265014648438
8305, -668.7888181209564, 5, 75.33026610600064, 122, 2537393,                                             119715, 64.818115234375, 534.955322265625
8306, 2365.2341059446335, 1, 21.82198387200333, 36, 2537429,                                             119751, 66.0728988647461, 533.2156372070312
8307, -1292.1677256822586, 5, 128.96534044100554, 223, 2537652,                                             119974, 66.63204956054688, 534.7424926757812
8308, -2278.529063105583, 3, 28.104746142002114, 51, 2537703,                                             120025, 65.52709197998047, 533.373779296875
8309, -471.5858932733536, 5, 49.63070772100036, 86, 2537789,                                             120111, 64.78831481933594, 534.4008178710938
8310, -144.10494434833527, 5, 27.050942216003023, 46, 2537835,                                             120157, 64.98706817626953, 535.5026245117188
8311, -268.4570105075836, 5, 39.940942228000495, 68, 2537903,                                             120225, 65.7181625366211, 535.8607177734375
8312, 2357.122885465622, 1, 20.67536151600507, 34, 2537937,                                             120259, 66.88770294189453, 534.2496948242188
8313, 2035.145402789116, 1, 60.42210301200248, 106, 2538043,                                             120365, 65.3747329711914, 534.0950317382812
8314, -2479.394688129425, 2, 17.369510156000615, 30, 2538073,                                             120395, 68.60079956054688, 534.209716796875
8315, -1935.5299575328827, 5, 189.22819279300165, 325, 2538398,                                             120720, 66.11627197265625, 534.4098510742188
8316, -2435.009911775589, 3, 40.110707266001555, 66, 2538464,                                             120786, 67.49436950683594, 535.6889038085938
8317, -253.1651250720024, 5, 42.65323752700351, 74, 2538538,                                             120860, 65.07730102539062, 535.942626953125
8318, 1932.8302470445633, 1, 69.53205429700029, 120, 2538658,                                             120980, 65.35816192626953, 535.6013793945312
8319, -2499.864329814911, 2, 38.36879065800167, 64, 2538722,                                             121044, 65.28587341308594, 536.6587524414062
8320, 2422.44801171124, 1, 17.66616649599746, 30, 2538752,                                             121074, 63.55706787109375, 536.5535278320312
8321, -2529.8580162525177, 3, 51.27331211799901, 85, 2538837,                                             121159, 66.30177307128906, 535.7559204101562
8322, 2309.2509618401527, 1, 25.522892084998603, 42, 2538879,                                             121201, 67.6556167602539, 533.50244140625
8323, -595.6746089458466, 5, 57.65750173199922, 94, 2538973,                                             121295, 64.32141876220703, 535.7094116210938
8324, 2270.868148088455, 1, 39.32785775500088, 63, 2539036,                                             121358, 65.39595031738281, 534.3365478515625
8325, -2540.6568393707275, 2, 26.679536896997888, 44, 2539080,                                             121402, 62.226707458496094, 534.7583618164062
8326, -3211.381412386894, 2, 121.2704036139985, 202, 2539282,                                             121604, 66.29405975341797, 535.6517944335938
8327, 963.5153651237488, 1, 116.1779842629985, 196, 2539478,                                             121800, 64.70639038085938, 535.4172973632812
8328, -726.5948196649551, 5, 40.751185788998555, 67, 2539545,                                             121867, 66.0755844116211, 537.1616821289062
8329, -582.7893360853195, 5, 70.14799431199935, 118, 2539663,                                             121985, 65.25029754638672, 536.1376953125
8330, 2390.2830758094788, 1, 25.809284433002176, 42, 2539705,                                             122027, 65.26749420166016, 535.2216186523438
8331, -2383.3746292591095, 2, 32.07797967099759, 54, 2539759,                                             122081, 65.2579574584961, 536.3522338867188
8332, -2707.9047331809998, 3, 84.97977061200072, 142, 2539901,                                             122223, 64.96320343017578, 535.660888671875
8333, 2216.2321449518204, 1, 41.34862391000206, 72, 2539973,                                             122295, 65.77373504638672, 535.2333984375
8334, -2345.4912497997284, 2, 26.476095541998802, 44, 2540017,                                             122339, 67.27104949951172, 535.6471557617188
8335, 2183.300313770771, 1, 48.15163260699774, 78, 2540095,                                             122417, 63.41359329223633, 534.5679321289062
8336, -2845.234524488449, 3, 80.59261179900204, 129, 2540224,                                             122546, 66.16753387451172, 535.8312377929688
8337, -77.90844476222992, 5, 19.681891765998444, 30, 2540254,                                             122576, 66.9832992553711, 536.5462036132812
8338, 2374.7876819372177, 1, 19.892628483998124, 30, 2540284,                                             122606, 68.40519714355469, 536.9774780273438
8339, -1070.117095708847, 5, 149.94979211800091, 175, 2540459,                                             122781, 65.44100952148438, 535.5955810546875
8340, 1937.7321313619614, 1, 85.2968511769941, 109, 2540568,                                             122890, 64.71890258789062, 536.1761474609375
8341, 1534.8919714689255, 1, 138.62891503399442, 183, 2540751,                                             123073, 67.21922302246094, 535.9278564453125
8342, 1289.5642771720886, 1, 140.20450667599653, 194, 2540945,                                             123267, 65.61332702636719, 535.7105102539062
8343, 1981.3190603256226, 1, 68.51208911100548, 96, 2541041,                                             123363, 68.42726135253906, 536.43603515625
8344, -118.77873480319977, 5, 25.269323063002957, 34, 2541075,                                             123397, 66.6674575805664, 537.175537109375
8345, 2396.774268269539, 1, 32.744308039000316, 43, 2541118,                                             123440, 67.05069732666016, 535.8180541992188
8346, -2652.109730243683, 2, 73.27177191499504, 99, 2541217,                                             123539, 66.87084197998047, 535.8219604492188
8347, 2345.89575779438, 1, 30.226128280999546, 37, 2541254,                                             123576, 69.40608978271484, 538.3098754882812
8348, -517.2632684707642, 5, 76.93656402600027, 96, 2541350,                                             123672, 65.3747329711914, 535.6524047851562
8349, 2173.5903735160828, 1, 53.80499966299976, 70, 2541420,                                             123742, 64.83206176757812, 537.6004638671875
8350, -266.21547734737396, 5, 51.25995655499719, 66, 2541486,                                             123808, 64.50995635986328, 537.29833984375
8351, 1865.484918475151, 1, 89.34197764800047, 135, 2541621,                                             123943, 64.56582641601562, 536.779296875
8352, -1148.627522110939, 5, 123.69350620100158, 152, 2541773,                                             124095, 65.80677795410156, 537.3296508789062
8353, 2185.256287097931, 1, 56.49805943899992, 68, 2541841,                                             124163, 64.48504638671875, 536.6609497070312
8354, -1029.4592550992966, 5, 169.20604464100325, 192, 2542033,                                             124355, 66.39327239990234, 536.8474731445312
8355, -489.23008012771606, 5, 63.403781765999156, 78, 2542111,                                             124433, 66.99127960205078, 536.6220703125
8356, 2370.710583925247, 1, 37.772399127003155, 46, 2542157,                                             124479, 64.9305419921875, 536.66259765625
8357, -3512.739268064499, 3, 172.1146501320036, 202, 2542359,                                             124681, 65.13298034667969, 537.5078125
8358, 2168.7295067310333, 1, 53.05772939300368, 73, 2542432,                                             124754, 65.99891662597656, 537.22119140625
8359, -733.6940841674805, 5, 64.16910777199519, 91, 2542523,                                             124845, 68.41182708740234, 536.8584594726562
8360, 2310.4838811159134, 1, 29.193428202001087, 39, 2542562,                                             124884, 66.34078979492188, 535.4984130859375
8361, 1783.3753988742828, 1, 98.85377263600094, 140, 2542702,                                             125024, 67.30235290527344, 538.0176391601562
8362, -2763.1596653461456, 3, 80.6409599280014, 114, 2542816,                                             125138, 66.18057250976562, 537.49609375
8363, 2278.532592892647, 1, 44.125197066998226, 65, 2542881,                                             125203, 66.92268371582031, 539.3400268554688
8364, -3214.360862016678, 2, 117.19054509499983, 164, 2543045,                                             125367, 66.1673583984375, 536.9641723632812
8365, 2263.045807301998, 1, 33.30546764500468, 47, 2543092,                                             125414, 66.43888092041016, 537.808837890625
8366, -584.5012471675873, 5, 73.49214692799433, 103, 2543195,                                             125517, 66.27513885498047, 537.9107055664062
8367, -111.38569009304047, 5, 22.272501731000375, 30, 2543225,                                             125547, 68.29387664794922, 537.6383056640625
8368, 2282.0094916820526, 1, 48.77704778599582, 68, 2543293,                                             125615, 67.5725326538086, 536.9384765625
8369, -2843.3159182071686, 3, 77.78286305299844, 105, 2543398,                                             125720, 66.61328125, 536.8380737304688
8370, 2350.2096778154373, 1, 35.30308910900203, 49, 2543447,                                             125769, 66.14016723632812, 537.9244384765625
8371, -953.0444387197495, 5, 115.9142764979988, 157, 2543604,                                             125926, 66.42691802978516, 537.8639526367188
8372, -3025.8112559318542, 3, 123.4381417370023, 173, 2543777,                                             126099, 65.96620178222656, 538.4048461914062
