episode, reward, success, duration, steps, total_steps, memory length, avg_critic_loss, avg_actor_loss
1801, 2481.1343179643154, 1, 3.4705588500000886, 30, 420081,                                             64419, 23.59364128112793, 132.07342529296875
1802, -2682.896638572216, 3, 32.20073051200052, 226, 420307,                                             64645, 24.077804565429688, 131.6974334716797
1803, -2491.3324351906776, 3, 20.87832002399955, 148, 420455,                                             64793, 23.539764404296875, 131.59483337402344
1804, 2045.221992880106, 1, 31.292953698999554, 223, 420678,                                             65016, 22.314659118652344, 132.6134033203125
1805, -3418.4747054576874, 3, 23.813221518999853, 153, 420831,                                             65169, 20.579771041870117, 132.5574951171875
1806, 2374.4716730713844, 1, 13.128467759999694, 83, 420914,                                             65252, 21.59433364868164, 135.46107482910156
1807, -2368.6378648281097, 3, 5.366599920000226, 35, 420949,                                             65287, 27.49535369873047, 135.9306640625
1808, 2359.1195131242275, 1, 12.868013978999443, 77, 421026,                                             65364, 23.50938606262207, 136.29869079589844
1809, -2990.1512233018875, 3, 27.961390321999716, 167, 421193,                                             65531, 21.90287208557129, 134.19969177246094
1810, -2627.9044365882874, 3, 29.183804369000427, 158, 421351,                                             65689, 22.491308212280273, 134.13150024414062
1811, -2448.1621428728104, 3, 24.44702192099976, 129, 421480,                                             65818, 22.36848258972168, 131.8446044921875
1812, 2278.3518609702587, 1, 20.366055190001134, 104, 421584,                                             65922, 23.77989387512207, 134.75367736816406
1813, 2188.942615509033, 1, 30.930630352999287, 152, 421736,                                             66074, 24.734403610229492, 135.97274780273438
1814, -2514.8754477500916, 3, 29.923366271001214, 141, 421877,                                             66215, 23.1910400390625, 132.7096710205078
1815, 2409.8578087091446, 1, 14.983436611999423, 56, 421933,                                             66271, 22.98407554626465, 131.02305603027344
1816, 1545.1147399246693, 1, 67.36614081100015, 295, 422228,                                             66566, 22.84700584411621, 133.82579040527344
1817, 1926.1143289506435, 1, 68.34906968900032, 343, 422571,                                             66909, 22.93355369567871, 132.22190856933594
1818, 2209.3551203012466, 1, 35.94001334799941, 181, 422752,                                             67090, 23.290592193603516, 132.00682067871094
1819, 1918.4742439985275, 1, 33.576179116000276, 158, 422910,                                             67248, 23.154109954833984, 132.23936462402344
1820, 1465.8662309646606, 1, 62.26179715999933, 311, 423221,                                             67559, 22.818466186523438, 133.16331481933594
1821, -8504.137572526932, 2, 71.19990817699909, 479, 423700,                                             68038, 22.08700180053711, 133.71185302734375
1822, 2375.5113006830215, 1, 17.748546324999552, 120, 423820,                                             68158, 24.40166664123535, 138.16574096679688
1823, -2909.1388179063797, 3, 17.460036174999914, 118, 423938,                                             68276, 23.469078063964844, 136.1492462158203
1824, 2247.3840557336807, 1, 25.83661546300027, 139, 424077,                                             68415, 24.61467170715332, 135.7725067138672
1825, 1350.7856007814407, 1, 65.55739458000062, 352, 424429,                                             68767, 24.6107120513916, 135.49334716796875
1826, 1817.4302088618279, 1, 51.59596720599984, 280, 424709,                                             69047, 21.924156188964844, 137.0302734375
1827, 1946.685459971428, 1, 44.302114850999715, 238, 424947,                                             69285, 22.833173751831055, 134.05557250976562
1828, 1244.9443081617355, 1, 59.20673561500007, 300, 425247,                                             69585, 22.328306198120117, 134.06988525390625
1829, 1704.3981685638428, 1, 52.46715484999913, 286, 425533,                                             69871, 22.81075096130371, 135.96241760253906
1830, 1919.156864285469, 1, 58.42525462600133, 182, 425715,                                             70053, 22.65089988708496, 134.2482147216797
1831, 1952.9922950267792, 1, 43.47674749399994, 214, 425929,                                             70267, 22.66978645324707, 133.98263549804688
1832, 2265.263674259186, 1, 25.48157621500104, 142, 426071,                                             70409, 22.526716232299805, 134.50082397460938
1833, -2440.0298829078674, 3, 9.644732259999728, 50, 426121,                                             70459, 20.281116485595703, 135.43992614746094
1834, -2425.0155187249184, 3, 23.787417985000502, 131, 426252,                                             70590, 22.838083267211914, 133.310546875
1835, 1676.1754248142242, 1, 33.399694155999896, 185, 426437,                                             70775, 23.037826538085938, 134.27609252929688
1836, -2582.2009782791138, 2, 17.021707679999963, 94, 426531,                                             70869, 20.608009338378906, 134.14190673828125
1837, 1991.1846011579037, 1, 34.89830610399986, 182, 426713,                                             71051, 24.410167694091797, 133.07696533203125
1838, -4183.70330619812, 3, 43.49021611900025, 225, 426938,                                             71276, 22.519010543823242, 135.49130249023438
1839, 2173.7691655158997, 1, 38.2328971120005, 203, 427141,                                             71479, 23.62090301513672, 134.94961547851562
1840, -3300.517441511154, 3, 33.60287756699836, 182, 427323,                                             71661, 23.167810440063477, 136.2339630126953
1841, -2213.691579937935, 3, 16.980293247999725, 87, 427410,                                             71748, 20.429792404174805, 134.14334106445312
1842, 2320.4389796853065, 1, 20.923352408999563, 103, 427513,                                             71851, 23.17234230041504, 135.73988342285156
1843, -2525.746795654297, 2, 11.160239415999968, 53, 427566,                                             71904, 20.79648780822754, 134.918701171875
1844, 2441.764679223299, 1, 11.531417541000337, 58, 427624,                                             71962, 24.720748901367188, 136.94281005859375
1845, 2267.5058864355087, 1, 19.7785683029997, 100, 427724,                                             72062, 23.2877140045166, 136.7977752685547
1846, -3572.1748596429825, 3, 51.110076094999386, 267, 427991,                                             72329, 21.63469886779785, 135.34962463378906
1847, 1742.1075810194016, 1, 31.857487330000367, 144, 428135,                                             72473, 21.78338623046875, 132.85279846191406
1848, 2229.289576292038, 1, 19.12049949700122, 90, 428225,                                             72563, 23.49544906616211, 135.4169921875
1849, 2210.497336357832, 1, 32.05540473600013, 155, 428380,                                             72718, 24.5903263092041, 135.6324920654297
1850, -2589.213935613632, 2, 16.756547494000188, 83, 428463,                                             72801, 24.303165435791016, 137.26596069335938
1851, 2350.369530528784, 1, 15.153260825998586, 81, 428544,                                             72882, 22.655567169189453, 135.53013610839844
1852, 776.1031931638718, 1, 57.46809009499884, 291, 428835,                                             73173, 22.565185546875, 135.46360778808594
1853, 2088.7467049360275, 1, 31.100461374000588, 151, 428986,                                             73324, 22.63775634765625, 133.999267578125
1854, 1967.267548441887, 1, 32.51420413800042, 173, 429159,                                             73497, 24.32506561279297, 134.8776397705078
1855, 2014.6217668056488, 1, 36.27631492100045, 170, 429329,                                             73667, 23.416893005371094, 135.27999877929688
1856, -3017.4261887073517, 3, 50.78900898000029, 248, 429577,                                             73915, 23.59931755065918, 135.32708740234375
1857, 2167.771081238985, 1, 22.339352078999582, 121, 429698,                                             74036, 20.773740768432617, 133.00205993652344
1858, 2280.1333523988724, 1, 17.25876433600024, 87, 429785,                                             74123, 20.15510368347168, 135.49044799804688
1859, 783.0789148807526, 1, 67.64681733500038, 350, 430135,                                             74473, 23.743499755859375, 134.50326538085938
1860, 1577.4120626449585, 1, 61.35852134000015, 335, 430470,                                             74808, 23.481372833251953, 135.03329467773438
1861, -2645.977292776108, 3, 20.416801809999015, 147, 430617,                                             74955, 23.449542999267578, 134.52862548828125
1862, 1130.341973900795, 1, 39.03922997399968, 285, 430902,                                             75240, 21.8616943359375, 134.07643127441406
1863, 2242.8989251852036, 1, 16.6022423659997, 119, 431021,                                             75359, 24.1010799407959, 135.1075897216797
1864, -2988.4401037693024, 2, 17.3352568650007, 116, 431137,                                             75475, 25.357751846313477, 135.92874145507812
1865, 1773.6770371198654, 1, 35.94238890999986, 233, 431370,                                             75708, 23.99958038330078, 134.8260955810547
1866, 1758.4744548797607, 1, 42.94627379600024, 281, 431651,                                             75989, 24.18939781188965, 133.9738006591797
1867, 1965.743495941162, 1, 25.982862245000433, 181, 431832,                                             76170, 23.41680145263672, 133.33824157714844
1868, 2294.1168110370636, 1, 14.602643677000742, 100, 431932,                                             76270, 23.736923217773438, 132.8421173095703
1869, 2040.9560103267431, 1, 46.64394156399976, 320, 432252,                                             76590, 23.832088470458984, 134.7598876953125
1870, -5582.897601366043, 2, 45.91148709900153, 321, 432573,                                             76911, 24.213611602783203, 132.9090576171875
1871, 2136.8918620347977, 1, 18.03546071799974, 128, 432701,                                             77039, 24.47028923034668, 134.3362274169922
1872, 295.9477106332779, 1, 49.57562043300095, 351, 433052,                                             77390, 22.03494644165039, 133.9356231689453
1873, 636.3130660057068, 1, 55.1161841560006, 399, 433451,                                             77789, 23.2677059173584, 133.21946716308594
1874, 1559.1774957478046, 1, 45.53736490600022, 331, 433782,                                             78120, 22.163557052612305, 133.23529052734375
1875, 1925.597564816475, 1, 27.40301905800152, 197, 433979,                                             78317, 21.85723114013672, 130.88095092773438
1876, 1546.068099141121, 1, 42.697616172999915, 312, 434291,                                             78629, 21.949016571044922, 133.5215606689453
1877, -2547.448542356491, 3, 15.666006993998963, 115, 434406,                                             78744, 22.252918243408203, 133.71983337402344
1878, -3028.69173848629, 3, 22.477428667998538, 165, 434571,                                             78909, 22.584938049316406, 133.44110107421875
1879, 1956.1750192046165, 1, 34.18776421500115, 246, 434817,                                             79155, 22.316802978515625, 133.65457153320312
1880, 2075.7609308958054, 1, 16.937088494998534, 128, 434945,                                             79283, 21.895566940307617, 132.41285705566406
1881, 1631.775034070015, 1, 46.66052323299846, 341, 435286,                                             79624, 22.96565055847168, 134.1830596923828
1882, 564.7275438308716, 1, 38.69026759600092, 279, 435565,                                             79903, 23.0577392578125, 134.0586395263672
1883, 1437.8842434883118, 1, 51.43317855799978, 382, 435947,                                             80285, 23.017833709716797, 134.5265350341797
1884, 1891.28344976902, 1, 34.95012202500038, 249, 436196,                                             80534, 21.781225204467773, 134.13441467285156
1885, 1291.0982658863068, 1, 47.75048398999934, 336, 436532,                                             80870, 22.60308074951172, 134.072021484375
1886, 2002.0790498256683, 1, 20.744620489000226, 153, 436685,                                             81023, 23.0941162109375, 132.30381774902344
1887, 1289.9344987869263, 1, 29.247230537999712, 215, 436900,                                             81238, 22.10943603515625, 131.52821350097656
1888, 2092.534089922905, 1, 13.280111373998807, 95, 436995,                                             81333, 25.210865020751953, 134.42881774902344
1889, -2622.930831193924, 2, 17.412061573000756, 119, 437114,                                             81452, 22.895742416381836, 134.9633331298828
1890, 2186.1552668213844, 1, 28.30452817100013, 194, 437308,                                             81646, 23.852571487426758, 131.93040466308594
1891, -3234.743522286415, 2, 34.46497599900067, 234, 437542,                                             81880, 24.406551361083984, 132.44927978515625
1892, -2668.5211923718452, 3, 26.898484368000936, 189, 437731,                                             82069, 21.79308319091797, 132.6590118408203
1893, -2635.7929368019104, 3, 18.572382667000056, 123, 437854,                                             82192, 22.685245513916016, 135.24871826171875
1894, 2213.781671524048, 1, 23.207265326000197, 166, 438020,                                             82358, 22.92403793334961, 136.26385498046875
1895, 2120.8084837198257, 1, 20.20717458299987, 139, 438159,                                             82497, 22.085229873657227, 132.5099334716797
1896, -2522.2254157066345, 3, 8.026833800000531, 56, 438215,                                             82553, 23.517505645751953, 132.09669494628906
1897, 2175.310052394867, 1, 31.44175036100023, 226, 438441,                                             82779, 21.80872917175293, 132.1232147216797
1898, 1574.9719134569168, 1, 48.0837190000002, 345, 438786,                                             83124, 23.144983291625977, 132.52569580078125
1899, 1109.241191625595, 1, 44.48829850099901, 313, 439099,                                             83437, 24.54713249206543, 132.29446411132812
1900, 1231.1884421110153, 1, 62.925659871998505, 455, 439554,                                             83892, 22.609893798828125, 133.96417236328125
1901, -4078.961577773094, 3, 57.76207168600013, 417, 439971,                                             84309, 22.57716178894043, 133.46038818359375
1902, 965.5920605063438, 1, 38.9976825570011, 286, 440257,                                             84595, 22.337926864624023, 132.7509765625
1903, 1692.5025699138641, 1, 63.66229193399886, 324, 440581,                                             84919, 21.24675750732422, 133.67529296875
1904, -2465.2153968811035, 3, 15.559764469999209, 78, 440659,                                             84997, 21.881711959838867, 133.82498168945312
1905, 2449.1660444140434, 1, 11.711541263000981, 62, 440721,                                             85059, 22.3597412109375, 134.7527618408203
1906, -2541.732620239258, 3, 17.061062712999046, 88, 440809,                                             85147, 23.389101028442383, 133.19566345214844
1907, 2196.7389318943024, 1, 31.677194694999343, 164, 440973,                                             85311, 21.626861572265625, 133.21766662597656
1908, 1854.8099207878113, 1, 33.01564991899977, 161, 441134,                                             85472, 20.882047653198242, 135.3626708984375
1909, 1515.9433989524841, 1, 39.46032635700067, 196, 441330,                                             85668, 23.74976921081543, 133.41912841796875
1910, 1698.095002770424, 1, 31.255936015999396, 151, 441481,                                             85819, 22.4770450592041, 133.59585571289062
1911, 2099.1185235977173, 1, 31.558439533999262, 156, 441637,                                             85975, 21.83565330505371, 134.6159210205078
1912, 2056.773115515709, 1, 33.23769447199993, 149, 441786,                                             86124, 21.81547737121582, 132.69390869140625
1913, -2548.2075568437576, 3, 17.437279361000037, 91, 441877,                                             86215, 24.403121948242188, 131.9258575439453
1914, 2264.1742434203625, 1, 22.660928318000515, 107, 441984,                                             86322, 20.935922622680664, 131.62850952148438
1915, 2013.828034877777, 1, 33.85202320699864, 172, 442156,                                             86494, 22.64866828918457, 131.60008239746094
1916, 1994.5870994329453, 1, 37.475928281999586, 186, 442342,                                             86680, 23.340232849121094, 132.32931518554688
1917, 1526.864007949829, 1, 27.889637356000094, 137, 442479,                                             86817, 25.826221466064453, 131.43817138671875
1918, 1063.4227538108826, 1, 87.27756574500017, 364, 442843,                                             87181, 21.891950607299805, 130.92263793945312
1919, -2610.8203349113464, 3, 33.36779078499967, 138, 442981,                                             87319, 20.347774505615234, 135.14236450195312
1920, 2269.1134972274303, 1, 20.392263716999878, 98, 443079,                                             87417, 21.695297241210938, 132.09178161621094
1921, 1317.9664491415024, 1, 41.23010475599949, 197, 443276,                                             87614, 20.858287811279297, 132.2318572998047
1922, -138.0144624710083, 5, 6.326431068000602, 30, 443306,                                             87644, 22.157438278198242, 128.81407165527344
1923, 2126.765474408865, 1, 36.05048632500075, 182, 443488,                                             87826, 22.526485443115234, 132.1233673095703
1924, 1823.9014941453934, 1, 49.107766650000485, 224, 443712,                                             88050, 22.57625961303711, 131.74899291992188
1925, -3370.252517580986, 3, 54.74687987099969, 249, 443961,                                             88299, 22.59238624572754, 133.103759765625
1926, -2790.6390842199326, 3, 41.03071631799867, 187, 444148,                                             88486, 22.42053985595703, 130.34336853027344
1927, 2283.959612727165, 1, 30.76444939099929, 151, 444299,                                             88637, 22.145593643188477, 131.8977813720703
1928, 1151.5323514938354, 1, 85.64300966399969, 417, 444716,                                             89054, 22.978395462036133, 130.51885986328125
1929, 1446.9116015434265, 1, 72.4385575260003, 330, 445046,                                             89384, 23.011791229248047, 132.4026336669922
1930, 1733.618070602417, 1, 43.973005809000824, 224, 445270,                                             89608, 22.420108795166016, 130.97633361816406
1931, -2534.1041353940964, 3, 20.45976163100022, 100, 445370,                                             89708, 20.590469360351562, 130.3470916748047
1932, 2305.069825410843, 1, 19.829220725001505, 94, 445464,                                             89802, 19.685077667236328, 131.44728088378906
1933, -2492.8822679519653, 3, 12.266592349000348, 59, 445523,                                             89861, 22.131258010864258, 130.58580017089844
1934, 2383.329833686352, 1, 20.05706262000058, 97, 445620,                                             89958, 21.437328338623047, 132.6436309814453
1935, -2262.3687839508057, 3, 9.079625538999608, 39, 445659,                                             89997, 21.063297271728516, 131.18807983398438
1936, 2421.4045411646366, 1, 13.310171866000019, 55, 445714,                                             90052, 22.035266876220703, 130.40162658691406
1937, 2059.316538453102, 1, 33.28122697100116, 170, 445884,                                             90222, 22.02880096435547, 131.17567443847656
1938, -2685.2789318561554, 2, 35.16761651900015, 166, 446050,                                             90388, 22.407787322998047, 129.8497772216797
1939, 2341.61324223876, 1, 25.33826462199977, 126, 446176,                                             90514, 22.76921272277832, 131.32125854492188
1940, 1486.0466983318329, 1, 52.50106326400055, 346, 446522,                                             90860, 23.631752014160156, 130.41050720214844
1941, 1300.75930249691, 1, 55.13306072799969, 393, 446915,                                             91253, 23.14893913269043, 129.69723510742188
1942, 754.3176134824753, 1, 36.13831802899949, 247, 447162,                                             91500, 21.884353637695312, 129.65811157226562
1943, -3479.829998254776, 3, 18.908066158999645, 121, 447283,                                             91621, 23.874839782714844, 129.47152709960938
1944, 2126.581226795912, 1, 25.69310529300128, 179, 447462,                                             91800, 23.450637817382812, 131.17367553710938
1945, 1267.243559718132, 1, 37.37160739799947, 247, 447709,                                             92047, 23.273061752319336, 131.07032775878906
1946, 339.79317569732666, 1, 55.372223575001044, 400, 448109,                                             92447, 22.169031143188477, 132.767333984375
1947, -2813.5870876312256, 3, 4.158370614999512, 30, 448139,                                             92477, 20.205663681030273, 131.85227966308594
1948, 2298.4975014328957, 1, 25.683363672998894, 185, 448324,                                             92662, 21.741487503051758, 130.13153076171875
1949, -2582.9543097019196, 2, 17.408517678999488, 118, 448442,                                             92780, 22.207805633544922, 131.32273864746094
1950, 2334.537954688072, 1, 10.578151596999305, 74, 448516,                                             92854, 22.422340393066406, 131.2632293701172
1951, 1683.9818577766418, 1, 38.83542375400066, 276, 448792,                                             93130, 21.408966064453125, 131.67300415039062
1952, -3203.3890419006348, 3, 31.785083323000435, 225, 449017,                                             93355, 22.93136978149414, 130.99755859375
1953, 2029.0690180063248, 1, 32.989810495999336, 231, 449248,                                             93586, 21.857995986938477, 130.48081970214844
1954, -2686.7263548374176, 3, 18.749289780000254, 135, 449383,                                             93721, 23.15959358215332, 132.0029296875
1955, 2269.804823666811, 1, 21.41316929899949, 155, 449538,                                             93876, 24.966798782348633, 131.17694091796875
1956, 298.42024767398834, 1, 59.637178574001155, 427, 449965,                                             94303, 22.200984954833984, 131.2938232421875
1957, 2213.343032836914, 1, 16.129472653001358, 121, 450086,                                             94424, 21.0516300201416, 130.0443115234375
1958, 2038.1058175563812, 1, 25.006840923999334, 182, 450268,                                             94606, 22.53780746459961, 131.22164916992188
1959, 1786.2948409318924, 1, 27.24663022799905, 193, 450461,                                             94799, 24.08176612854004, 132.2559814453125
1960, -2383.605744123459, 3, 6.885425065000163, 49, 450510,                                             94848, 21.09394645690918, 129.6453094482422
1961, 2296.0016646683216, 1, 15.913749916000597, 105, 450615,                                             94953, 22.982519149780273, 131.19158935546875
1962, 1763.4354635477066, 1, 23.374394077000034, 152, 450767,                                             95105, 21.926494598388672, 131.62806701660156
1963, 2109.5405144691467, 1, 17.804663385000822, 103, 450870,                                             95208, 22.704023361206055, 131.9215545654297
1964, -2778.3867835998535, 3, 13.205185660999632, 77, 450947,                                             95285, 25.783275604248047, 131.6444854736328
1965, 2379.6440421640873, 1, 21.202913474000525, 122, 451069,                                             95407, 21.986278533935547, 131.66030883789062
1966, 2014.6686434745789, 1, 25.576078671001596, 160, 451229,                                             95567, 24.58097267150879, 131.5443878173828
1967, 1584.077279806137, 1, 43.87809613900026, 296, 451525,                                             95863, 21.0462646484375, 129.90574645996094
1968, 1629.4746145009995, 1, 46.22196093000093, 324, 451849,                                             96187, 22.221418380737305, 129.6218719482422
1969, 2156.30066716671, 1, 20.77777326099931, 140, 451989,                                             96327, 23.345502853393555, 130.91465759277344
1970, 1391.2615826129913, 1, 40.812310225001056, 277, 452266,                                             96604, 23.316068649291992, 130.72625732421875
1971, -2483.338599205017, 3, 15.486407309999777, 108, 452374,                                             96712, 22.37600326538086, 128.95326232910156
1972, 2324.318375259638, 1, 21.17691524899965, 153, 452527,                                             96865, 23.289133071899414, 130.93692016601562
1973, -3074.104454398155, 3, 27.91093434100003, 206, 452733,                                             97071, 23.082998275756836, 132.1896209716797
1974, 1879.3801344633102, 1, 31.34772345300007, 217, 452950,                                             97288, 23.588865280151367, 128.8245849609375
1975, 1535.4479341506958, 1, 40.709807571000056, 288, 453238,                                             97576, 22.623882293701172, 129.42752075195312
1976, 1801.2799561023712, 1, 39.24921583700052, 272, 453510,                                             97848, 24.706527709960938, 129.86636352539062
1977, 1253.0499066114426, 1, 61.87544260499999, 436, 453946,                                             98284, 21.950834274291992, 129.69931030273438
1978, 1415.932240486145, 1, 52.263257968999824, 356, 454302,                                             98640, 21.826627731323242, 129.77838134765625
1979, 1656.220873594284, 1, 33.7294729109999, 239, 454541,                                             98879, 20.26369857788086, 128.89471435546875
1980, 2213.8055876493454, 1, 13.113660885001082, 102, 454643,                                             98981, 22.14034080505371, 129.6707763671875
1981, 2171.579704761505, 1, 20.62933876200077, 143, 454786,                                             99124, 22.250335693359375, 127.26638793945312
1982, 2115.910732626915, 1, 19.23122056599823, 131, 454917,                                             99255, 22.463117599487305, 128.5585174560547
1983, 1078.806802868843, 1, 41.43428547900112, 302, 455219,                                             99557, 22.25819969177246, 128.8309783935547
1984, -1375.9034464359283, 1, 101.96091979700032, 723, 455942,                                             100280, 22.430448532104492, 129.99490356445312
1985, -3015.3309559822083, 3, 34.21500718099924, 245, 456187,                                             100525, 23.626535415649414, 130.0525360107422
1986, -3116.0625219345093, 3, 26.708714732998487, 182, 456369,                                             100707, 23.28441619873047, 132.72491455078125
1987, 2212.9766584038734, 1, 25.43940753700008, 180, 456549,                                             100887, 22.121444702148438, 131.56060791015625
1988, -3237.7083020210266, 3, 35.33981703800055, 259, 456808,                                             101146, 22.475784301757812, 131.495849609375
1989, 2347.150332301855, 1, 10.557680219999384, 83, 456891,                                             101229, 22.84873390197754, 133.87060546875
1990, -2634.013124227524, 3, 23.622087899999315, 172, 457063,                                             101401, 23.314403533935547, 132.38717651367188
1991, 1618.5367047190666, 1, 35.33711597799993, 244, 457307,                                             101645, 22.190937042236328, 131.06858825683594
1992, 1085.8386970758438, 1, 49.579708979001225, 354, 457661,                                             101999, 21.26909065246582, 130.9286346435547
1993, -2615.543926715851, 3, 4.259782750999875, 30, 457691,                                             102029, 24.029375076293945, 131.62554931640625
1994, 2438.2042963802814, 1, 10.088284286999624, 77, 457768,                                             102106, 23.289306640625, 131.9999237060547
1995, -3589.348320245743, 3, 16.677229618999263, 120, 457888,                                             102226, 23.786293029785156, 132.0547332763672
1996, 2202.529673010111, 1, 18.023114544001146, 134, 458022,                                             102360, 21.49718475341797, 131.10287475585938
1997, 1539.3697459697723, 1, 20.88552853299916, 155, 458177,                                             102515, 26.23073387145996, 132.41473388671875
1998, 1688.2961817979813, 1, 42.21143237000069, 296, 458473,                                             102811, 22.253063201904297, 131.63925170898438
1999, 1488.9607819318771, 1, 38.07965426299961, 260, 458733,                                             103071, 23.6879825592041, 131.79656982421875
2000, 643.5261429548264, 1, 58.18301378900105, 425, 459158,                                             103496, 21.75153923034668, 131.4288787841797
2001, 1984.1954233646393, 1, 33.14550875399982, 221, 459379,                                             103717, 22.31244659423828, 130.72381591796875
2002, 1946.6053314208984, 1, 33.92731633800031, 221, 459600,                                             103938, 21.014198303222656, 128.74424743652344
2003, 2168.8573400974274, 1, 18.070838263998667, 117, 459717,                                             104055, 21.307601928710938, 130.2950439453125
2004, 1662.644147157669, 1, 19.237329222998596, 126, 459843,                                             104181, 23.156415939331055, 132.0521240234375
2005, 1431.89519405365, 1, 37.05827352099914, 253, 460096,                                             104434, 23.09067726135254, 130.09971618652344
2006, 2184.5829466581345, 1, 17.08777721700062, 122, 460218,                                             104556, 23.55250358581543, 129.7488250732422
2007, -3863.1335060596466, 3, 35.15154691200041, 242, 460460,                                             104798, 21.3653621673584, 129.1221923828125
2008, 1664.0896037817001, 1, 36.4273616520004, 243, 460703,                                             105041, 22.754596710205078, 129.51593017578125
2009, 1544.6537675857544, 1, 52.21843136999996, 326, 461029,                                             105367, 23.060209274291992, 129.90814208984375
2010, 1704.1600408554077, 1, 43.18359559899909, 288, 461317,                                             105655, 21.870141983032227, 129.91018676757812
2011, -3308.731344938278, 3, 44.457209443000465, 310, 461627,                                             105965, 21.86490249633789, 130.6774444580078
2012, -3053.0891848802567, 3, 22.224808548999135, 153, 461780,                                             106118, 23.1053466796875, 129.55181884765625
2013, 1713.459391951561, 1, 34.1082751720005, 244, 462024,                                             106362, 21.689640045166016, 129.8226776123047
2014, 1404.6052623987198, 1, 26.453469841999322, 193, 462217,                                             106555, 22.078859329223633, 130.54776000976562
2015, 1430.4357813596725, 1, 46.24127646799934, 290, 462507,                                             106845, 22.749691009521484, 130.90005493164062
2016, -303.22318410873413, 1, 62.98264134599958, 445, 462952,                                             107290, 22.03057861328125, 130.03221130371094
2017, 1840.0211571455002, 1, 34.319681287001, 237, 463189,                                             107527, 20.772872924804688, 130.14413452148438
2018, -2857.9659712314606, 2, 29.672258605000025, 211, 463400,                                             107738, 22.92693328857422, 130.6609344482422
2019, 1712.1897952854633, 1, 44.64503733900165, 320, 463720,                                             108058, 22.424972534179688, 130.05149841308594
2020, 907.4460233449936, 1, 52.11320520499976, 376, 464096,                                             108434, 23.20964241027832, 129.40518188476562
2021, 1796.4063801765442, 1, 28.490589012999408, 208, 464304,                                             108642, 22.366668701171875, 131.36155700683594
2022, 2042.3668019771576, 1, 20.982218266999553, 149, 464453,                                             108791, 23.026859283447266, 130.12928771972656
2023, 1572.438812494278, 1, 21.328605173999676, 151, 464604,                                             108942, 23.59101676940918, 131.77569580078125
2024, 369.85228860378265, 1, 69.72091748599996, 510, 465114,                                             109452, 22.747161865234375, 130.11764526367188
2025, 508.42501950263977, 1, 61.37241219600037, 425, 465539,                                             109877, 21.5020694732666, 129.8221893310547
2026, 1636.5794743299484, 1, 33.80717007599924, 241, 465780,                                             110118, 21.823074340820312, 128.7374725341797
2027, 1317.693058013916, 1, 55.85279424000146, 385, 466165,                                             110503, 21.664155960083008, 130.2804718017578
2028, 2102.6079491376877, 1, 18.82911460500145, 136, 466301,                                             110639, 21.49301528930664, 129.60995483398438
2029, 1311.2695175409317, 1, 46.587626876000286, 341, 466642,                                             110980, 20.326547622680664, 129.64511108398438
2030, -894.7283976078033, 1, 61.10981446799997, 437, 467079,                                             111417, 21.942020416259766, 129.69642639160156
2031, 1902.84903049469, 1, 29.608687370000553, 208, 467287,                                             111625, 22.001264572143555, 132.21434020996094
2032, 968.3111770153046, 1, 48.59002577999854, 345, 467632,                                             111970, 22.39504051208496, 130.84573364257812
2033, -3038.6352783441544, 3, 37.343059857998014, 260, 467892,                                             112230, 22.87081527709961, 130.24880981445312
2034, 1485.768161058426, 1, 38.47953762800171, 267, 468159,                                             112497, 21.310733795166016, 129.79925537109375
2035, -2808.918126821518, 3, 35.75443466299839, 253, 468412,                                             112750, 23.622722625732422, 130.81692504882812
2036, 1005.146782040596, 1, 42.04669019799985, 293, 468705,                                             113043, 22.235538482666016, 130.00120544433594
2037, -2484.369109749794, 3, 10.082054466001864, 69, 468774,                                             113112, 20.409528732299805, 128.1376953125
2038, 2235.9621127843857, 1, 17.855114467998646, 126, 468900,                                             113238, 21.784814834594727, 129.46388244628906
2039, 1511.7791191339493, 1, 35.81920590699883, 246, 469146,                                             113484, 20.989614486694336, 130.47840881347656
2040, 1547.6395800113678, 1, 49.17671587600125, 339, 469485,                                             113823, 22.077173233032227, 129.91738891601562
2041, 1825.007514834404, 1, 41.05549319000056, 286, 469771,                                             114109, 22.45542335510254, 130.6905975341797
2042, -2758.328535795212, 3, 30.19275757500145, 192, 469963,                                             114301, 21.611000061035156, 129.71438598632812
2043, -2774.682750940323, 3, 21.34005033699941, 143, 470106,                                             114444, 22.507089614868164, 129.28457641601562
2044, 2265.0052955150604, 1, 21.599470487999497, 143, 470249,                                             114587, 20.22247314453125, 131.56512451171875
2045, -4931.443682909012, 3, 44.26606632699986, 324, 470573,                                             114911, 21.354589462280273, 129.2090606689453
2046, 2347.7326428592205, 1, 19.318031827002415, 134, 470707,                                             115045, 21.059955596923828, 129.89630126953125
2047, 1311.8558863401413, 1, 54.32262370600074, 387, 471094,                                             115432, 21.479766845703125, 130.41851806640625
2048, -3095.996865272522, 3, 18.622055971001828, 140, 471234,                                             115572, 21.67717170715332, 131.32827758789062
2049, 2346.7586345672607, 1, 19.975504103000276, 140, 471374,                                             115712, 20.375728607177734, 130.43716430664062
2050, 1969.3678958415985, 1, 24.886689860999468, 181, 471555,                                             115893, 23.394073486328125, 131.14303588867188
2051, 1826.9717264175415, 1, 37.903615029998036, 255, 471810,                                             116148, 20.14712142944336, 129.05316162109375
2052, 1869.4505400657654, 1, 24.221524221000436, 163, 471973,                                             116311, 21.178123474121094, 130.1921844482422
2053, 1786.317107796669, 1, 37.1617515120015, 261, 472234,                                             116572, 21.20842742919922, 130.49644470214844
2054, -2518.4116957187653, 2, 9.187419288002275, 68, 472302,                                             116640, 18.741413116455078, 132.15869140625
2055, 1945.2046837508678, 1, 32.1745585940007, 231, 472533,                                             116871, 21.753416061401367, 130.98284912109375
2056, 1460.6966408491135, 1, 48.13595083799737, 208, 472741,                                             117079, 22.82344627380371, 130.84861755371094
2057, 1535.1837232112885, 1, 25.33776698699876, 137, 472878,                                             117216, 23.055158615112305, 130.75088500976562
2058, 1663.476112484932, 1, 43.900966523000534, 328, 473206,                                             117544, 20.693729400634766, 130.63717651367188
2059, -2988.8377282619476, 3, 26.016538961997867, 195, 473401,                                             117739, 22.036579132080078, 130.26593017578125
2060, 2385.0300737917423, 1, 9.637748680997902, 77, 473478,                                             117816, 22.034034729003906, 127.50810241699219
2061, -4076.4270107746124, 3, 19.631654434000666, 154, 473632,                                             117970, 21.76856803894043, 131.43341064453125
2062, 1886.5894511938095, 1, 33.48093671699826, 270, 473902,                                             118240, 22.490825653076172, 130.0015106201172
2063, -3514.8895432949066, 2, 38.4075182259985, 298, 474200,                                             118538, 22.640710830688477, 129.7620391845703
2064, 1490.3362493515015, 1, 31.807810534002783, 244, 474444,                                             118782, 22.74492073059082, 130.7859344482422
2065, 1304.4213413000107, 1, 57.520943804000126, 462, 474906,                                             119244, 21.757516860961914, 131.01675415039062
2066, -2468.782418489456, 2, 6.017878165002912, 52, 474958,                                             119296, 19.502607345581055, 132.21188354492188
2067, 1316.6218608021736, 1, 42.526456711999344, 333, 475291,                                             119629, 23.2381534576416, 130.83753967285156
2068, 1801.4033329486847, 1, 32.93527679500039, 265, 475556,                                             119894, 21.133934020996094, 131.02952575683594
2069, 2027.8512026071548, 1, 20.67344265900101, 167, 475723,                                             120061, 23.523347854614258, 131.07522583007812
2070, 1714.7607476711273, 1, 33.29047237099803, 271, 475994,                                             120332, 21.124319076538086, 131.9871368408203
2071, 912.6785106658936, 1, 42.583228135001264, 340, 476334,                                             120672, 22.106563568115234, 130.79501342773438
2072, 1504.9732123613358, 1, 46.55835984400255, 366, 476700,                                             121038, 20.91803741455078, 131.5157928466797
2073, 1147.0764362812042, 1, 39.295717712000624, 319, 477019,                                             121357, 22.924968719482422, 131.7998504638672
2074, 1634.9993433952332, 1, 43.88675398000123, 352, 477371,                                             121709, 21.439973831176758, 132.4689178466797
2075, 1294.5041745901108, 1, 43.24532300500141, 352, 477723,                                             122061, 20.85777473449707, 130.89041137695312
2076, 1745.3900437355042, 1, 36.0667771619992, 292, 478015,                                             122353, 21.07493019104004, 132.15423583984375
2077, -2877.2331132888794, 3, 28.026339150997956, 226, 478241,                                             122579, 21.212812423706055, 130.8491973876953
2078, 2445.140388175845, 1, 9.017309244998614, 69, 478310,                                             122648, 20.672082901000977, 132.5716552734375
2079, -2755.1218303442, 3, 12.248681298999145, 96, 478406,                                             122744, 20.630029678344727, 131.74560546875
2080, 2217.8601717054844, 1, 19.15987751099965, 150, 478556,                                             122894, 22.196630477905273, 133.15771484375
2081, 1642.608957529068, 1, 37.34237928899893, 303, 478859,                                             123197, 21.874025344848633, 132.29434204101562
2082, -3016.29296875, 2, 14.702139543001977, 118, 478977,                                             123315, 23.06871795654297, 131.7650146484375
2083, 2179.610590517521, 1, 22.720781371997873, 176, 479153,                                             123491, 21.068618774414062, 132.0021209716797
2084, 1542.768641591072, 1, 30.380185252000956, 243, 479396,                                             123734, 21.13011932373047, 131.57418823242188
2085, 1465.7372574806213, 1, 27.44914572000198, 210, 479606,                                             123944, 21.13947868347168, 131.76560974121094
2086, -4415.811277985573, 2, 31.226378259998455, 244, 479850,                                             124188, 23.068025588989258, 133.06910705566406
2087, 1830.83519166708, 1, 29.030444026000623, 234, 480084,                                             124422, 21.090761184692383, 131.71253967285156
2088, -207.54431080818176, 5, 4.429634342999634, 31, 480115,                                             124453, 21.00497055053711, 132.0553741455078
2089, 2355.601004898548, 1, 10.257507432997954, 85, 480200,                                             124538, 22.029071807861328, 134.90292358398438
2090, -4253.8748898506165, 2, 24.436705375999736, 199, 480399,                                             124737, 22.1377010345459, 132.5468292236328
2091, 2002.2736957073212, 1, 29.461561953001365, 231, 480630,                                             124968, 21.940149307250977, 132.13783264160156
2092, 1366.8743946552277, 1, 46.35739607999858, 371, 481001,                                             125339, 20.97815704345703, 132.12130737304688
2093, 1976.735910654068, 1, 21.41192800999852, 169, 481170,                                             125508, 21.879161834716797, 132.8020782470703
2094, 857.7521138191223, 1, 63.195610728002066, 514, 481684,                                             126022, 21.699508666992188, 132.6075897216797
2095, 1162.9029924869537, 1, 39.813943540000764, 323, 482007,                                             126345, 22.732080459594727, 132.78819274902344
2096, 1990.2209511995316, 1, 24.519862018998538, 201, 482208,                                             126546, 22.173097610473633, 131.30474853515625
2097, 1888.4029133319855, 1, 24.994950747000985, 204, 482412,                                             126750, 20.527421951293945, 131.69227600097656
2098, -749.0436284542084, 1, 78.19536772399806, 633, 483045,                                             127383, 21.7512264251709, 131.7455291748047
2099, -3857.761135697365, 2, 44.286259221000364, 370, 483415,                                             127753, 21.549293518066406, 131.71653747558594
2100, -2555.7007105350494, 3, 14.592814190000354, 121, 483536,                                             127874, 21.622804641723633, 131.79078674316406
2101, 2387.717622458935, 1, 9.602332751001086, 76, 483612,                                             127950, 23.384037017822266, 130.25262451171875
2102, 1924.7373750209808, 1, 24.596500363000814, 203, 483815,                                             128153, 21.29671859741211, 133.3524627685547
2103, 1995.5104368925095, 1, 22.16004846999931, 184, 483999,                                             128337, 23.264192581176758, 132.86964416503906
2104, 2002.1590535640717, 1, 23.172748610999406, 179, 484178,                                             128516, 20.613174438476562, 133.12564086914062
2105, 1896.0601723194122, 1, 22.469306778999453, 178, 484356,                                             128694, 21.571619033813477, 134.3957977294922
2106, 2040.6248751878738, 1, 14.795739230001345, 110, 484466,                                             128804, 21.64984703063965, 132.25489807128906
2107, -2545.6055352687836, 3, 17.614890052998817, 127, 484593,                                             128931, 22.346710205078125, 133.0392608642578
2108, 1694.439355134964, 1, 25.994350561999454, 193, 484786,                                             129124, 20.004661560058594, 133.55113220214844
2109, 1516.47984457016, 1, 39.58297167799901, 296, 485082,                                             129420, 20.952369689941406, 133.0789794921875
2110, -179.34163236618042, 5, 3.9404291339997144, 30, 485112,                                             129450, 21.130260467529297, 138.86712646484375
2111, -2768.97738468647, 3, 24.81488967400219, 195, 485307,                                             129645, 20.732637405395508, 132.83871459960938
2112, 2361.5608778893948, 1, 9.256242232000659, 74, 485381,                                             129719, 22.774810791015625, 132.39056396484375
2113, -3611.5897431373596, 3, 20.702520732000266, 166, 485547,                                             129885, 21.147981643676758, 132.528076171875
2114, 2446.1089125573635, 1, 7.771350495000661, 65, 485612,                                             129950, 24.037574768066406, 133.63584899902344
2115, 2036.8916298151016, 1, 23.530739115998585, 198, 485810,                                             130148, 20.474620819091797, 133.4877166748047
2116, -2961.6562601327896, 3, 33.01935370100182, 263, 486073,                                             130411, 20.2028751373291, 133.29129028320312
2117, 1816.5298537313938, 1, 38.297427957000764, 295, 486368,                                             130706, 22.392274856567383, 132.24874877929688
2118, 2274.626300930977, 1, 14.139663702997495, 106, 486474,                                             130812, 18.765914916992188, 133.70449829101562
2119, 1234.8241144418716, 1, 51.08570273100122, 395, 486869,                                             131207, 21.487661361694336, 132.77392578125
2120, 1861.2459263801575, 1, 28.711952968998958, 217, 487086,                                             131424, 22.56329345703125, 133.93255615234375
2121, 2032.3873580694199, 1, 20.337095933002274, 163, 487249,                                             131587, 22.897655487060547, 133.69735717773438
2122, 1696.8446085453033, 1, 29.981021605002752, 240, 487489,                                             131827, 21.64227294921875, 131.24256896972656
2123, 1926.1935951709747, 1, 29.558227712997905, 230, 487719,                                             132057, 22.693288803100586, 131.7506561279297
2124, 2044.5913130044937, 1, 20.544053995003196, 161, 487880,                                             132218, 22.97293472290039, 131.26625061035156
2125, 1310.348031282425, 1, 39.367293547999, 322, 488202,                                             132540, 22.554128646850586, 132.31259155273438
2126, -430.47310090065, 1, 54.486325167999894, 439, 488641,                                             132979, 21.567062377929688, 131.43344116210938
2127, 422.505606174469, 1, 52.62225830900206, 429, 489070,                                             133408, 20.748943328857422, 130.7349395751953
2128, -2631.419295310974, 3, 3.662206058997981, 30, 489100,                                             133438, 22.462194442749023, 135.2115020751953
2129, 2278.112506777048, 1, 22.650960128001316, 182, 489282,                                             133620, 21.159273147583008, 132.80088806152344
2130, -4257.451336026192, 3, 39.40607421900131, 320, 489602,                                             133940, 21.379230499267578, 133.0494842529297
2131, -3714.135046005249, 3, 29.037118836000445, 240, 489842,                                             134180, 20.580915451049805, 131.90130615234375
2132, 2112.1063078045845, 1, 18.587069049997808, 154, 489996,                                             134334, 22.714445114135742, 132.50267028808594
2133, 2012.6620992422104, 1, 22.519796609001787, 186, 490182,                                             134520, 23.221511840820312, 133.2082061767578
2134, 2155.9306831359863, 1, 19.301100903001497, 155, 490337,                                             134675, 20.58451271057129, 133.11839294433594
2135, 222.8831114768982, 1, 49.092970706002234, 404, 490741,                                             135079, 20.13936424255371, 133.097900390625
2136, 956.2650170326233, 1, 60.24362326400296, 485, 491226,                                             135564, 21.557098388671875, 133.43507385253906
2137, 2000.5446721315384, 1, 17.970732752000913, 151, 491377,                                             135715, 20.727230072021484, 134.55677795410156
2138, 2261.732479929924, 1, 12.640859240997088, 98, 491475,                                             135813, 22.63553237915039, 133.2240753173828
2139, -2617.4425659179688, 3, 13.479018980000546, 103, 491578,                                             135916, 19.31563377380371, 131.99435424804688
2140, 1618.1484170556068, 1, 34.41673870399973, 276, 491854,                                             136192, 22.201072692871094, 134.5707244873047
2141, 985.1949731111526, 1, 38.09081303199855, 309, 492163,                                             136501, 22.209074020385742, 134.39913940429688
2142, -4387.653401970863, 3, 45.449177122001856, 321, 492484,                                             136822, 20.336376190185547, 133.9376983642578
2143, -3035.7317131757736, 3, 18.686507084999903, 142, 492626,                                             136964, 21.644973754882812, 133.8647918701172
2144, 2269.6761417984962, 1, 14.50501869800064, 117, 492743,                                             137081, 20.688308715820312, 133.70787048339844
2145, -3378.47451710701, 2, 31.164648137000768, 244, 492987,                                             137325, 21.58540153503418, 133.2358856201172
2146, 2052.50245654583, 1, 20.50869027799854, 160, 493147,                                             137485, 20.758808135986328, 133.36224365234375
2147, -2777.8145763874054, 3, 18.356020546001673, 144, 493291,                                             137629, 22.397083282470703, 133.78195190429688
2148, 1898.138281404972, 1, 30.00064317900251, 244, 493535,                                             137873, 22.217025756835938, 134.02723693847656
2149, -3343.3282376527786, 2, 38.11571316100162, 314, 493849,                                             138187, 21.092851638793945, 132.97378540039062
2150, -2529.0750582814217, 3, 18.4885353819991, 146, 493995,                                             138333, 21.609874725341797, 134.41111755371094
2151, 2378.2114536762238, 1, 8.236034559999098, 67, 494062,                                             138400, 20.51498031616211, 134.61749267578125
2152, 2177.559898376465, 1, 15.765797632000613, 130, 494192,                                             138530, 21.625946044921875, 134.74876403808594
2153, -3211.741209626198, 3, 48.79688467000233, 240, 494432,                                             138770, 20.30774688720703, 133.56497192382812
2154, -2562.2102158665657, 3, 20.931084866002493, 100, 494532,                                             138870, 23.830469131469727, 135.0127410888672
2155, 2142.2792988419533, 1, 31.559696192001866, 175, 494707,                                             139045, 21.9807071685791, 134.8463134765625
2156, 1616.1918697357178, 1, 49.280798118998064, 276, 494983,                                             139321, 21.172473907470703, 133.83543395996094
2157, 1669.6644035577774, 1, 40.262310284000705, 233, 495216,                                             139554, 20.84139633178711, 133.60337829589844
2158, 2264.407016515732, 1, 16.077720007000607, 88, 495304,                                             139642, 22.179838180541992, 134.61752319335938
2159, 1471.2911133766174, 1, 66.30716315900281, 360, 495664,                                             140002, 21.442142486572266, 133.73545837402344
2160, -280.9096120595932, 5, 5.564505050002481, 31, 495695,                                             140033, 20.826099395751953, 136.01702880859375
2161, 2219.888858422637, 1, 33.78900778499883, 195, 495890,                                             140228, 20.837833404541016, 133.9781036376953
2162, 1557.948563694954, 1, 68.76679919800154, 382, 496272,                                             140610, 20.294654846191406, 134.01573181152344
2163, 1756.2655528783798, 1, 46.22230883999873, 266, 496538,                                             140876, 21.749656677246094, 134.59840393066406
2164, 1993.4131797552109, 1, 30.82794539599854, 178, 496716,                                             141054, 21.922765731811523, 134.7171630859375
2165, 2146.804412007332, 1, 25.928914989999612, 155, 496871,                                             141209, 20.292438507080078, 134.73391723632812
2166, -2509.463211774826, 3, 15.383949099999882, 91, 496962,                                             141300, 18.689435958862305, 134.47808837890625
2167, -2655.1061940193176, 3, 26.791094591997535, 156, 497118,                                             141456, 23.62569808959961, 134.8523406982422
2168, 2170.711874127388, 1, 20.6108672090013, 115, 497233,                                             141571, 21.68617057800293, 133.43968200683594
2169, -3600.2696418762207, 3, 63.74488593600108, 363, 497596,                                             141934, 20.129291534423828, 134.52467346191406
2170, 2361.5587760806084, 1, 10.995703506003338, 59, 497655,                                             141993, 20.407032012939453, 134.54518127441406
2171, 1784.4974030256271, 1, 32.831676426998456, 186, 497841,                                             142179, 20.900564193725586, 133.97509765625
2172, 1083.7402814626694, 1, 60.79544643800182, 337, 498178,                                             142516, 19.933908462524414, 133.6803741455078
2173, 2162.6788353919983, 1, 19.95046192600057, 113, 498291,                                             142629, 20.97330665588379, 133.7895050048828
2174, -3983.229589700699, 3, 51.907381371001975, 297, 498588,                                             142926, 21.201988220214844, 134.25997924804688
2175, 2197.354079604149, 1, 19.22233835299994, 97, 498685,                                             143023, 19.757312774658203, 133.734619140625
2176, 1404.7257199287415, 1, 28.318899755999155, 154, 498839,                                             143177, 21.284427642822266, 134.29653930664062
2177, 1837.470999956131, 1, 40.98793288399975, 226, 499065,                                             143403, 20.109771728515625, 134.39500427246094
2178, 1139.2472658157349, 1, 78.21845314299935, 472, 499537,                                             143875, 21.414438247680664, 133.09083557128906
2179, 855.5373497009277, 1, 38.68382479199863, 285, 499822,                                             144160, 21.718017578125, 134.19882202148438
2180, -2992.6720255613327, 3, 29.2881208660001, 222, 500044,                                             144382, 19.89095687866211, 132.7750244140625
2181, 2259.0436405837536, 1, 22.499335810000048, 172, 500216,                                             144554, 21.155553817749023, 136.58018493652344
2182, -3113.192008972168, 3, 29.534589267001138, 234, 500450,                                             144788, 20.209060668945312, 134.2118377685547
2183, -2717.4935084581375, 3, 20.970413986000494, 163, 500613,                                             144951, 20.536813735961914, 134.08221435546875
2184, 2218.935975909233, 1, 16.417452820001927, 134, 500747,                                             145085, 20.454936981201172, 134.8203125
2185, 2204.618967652321, 1, 15.17809490199943, 125, 500872,                                             145210, 21.68572998046875, 133.9585723876953
2186, 2212.0781116485596, 1, 15.223489256000903, 122, 500994,                                             145332, 20.102659225463867, 136.5121307373047
2187, 2075.036718606949, 1, 24.010204075999354, 191, 501185,                                             145523, 20.02187728881836, 135.43826293945312
2188, 1741.328144311905, 1, 37.22017761800089, 295, 501480,                                             145818, 21.050077438354492, 135.30039978027344
2189, 1362.0203094482422, 1, 53.420371724998404, 419, 501899,                                             146237, 20.719276428222656, 134.71649169921875
2190, 1039.3579943180084, 1, 29.86583646300278, 242, 502141,                                             146479, 20.242639541625977, 134.55996704101562
2191, 2035.9953305721283, 1, 20.421903609003493, 164, 502305,                                             146643, 19.478336334228516, 134.9471893310547
2192, -3439.861648082733, 3, 37.38004703400293, 297, 502602,                                             146940, 21.155881881713867, 135.2343292236328
2193, -2402.06534036994, 3, 18.585319409001386, 153, 502755,                                             147093, 18.694034576416016, 135.5762939453125
2194, 302.8034266233444, 1, 44.49970765999751, 366, 503121,                                             147459, 21.451581954956055, 135.9755859375
2195, 781.0429389476776, 1, 36.546103234999464, 290, 503411,                                             147749, 20.01759910583496, 135.64749145507812
2196, 1132.8213874101639, 1, 33.38826037000035, 262, 503673,                                             148011, 20.87107276916504, 135.77041625976562
2197, 1138.0066548585892, 1, 21.66771235499982, 173, 503846,                                             148184, 20.330923080444336, 137.26316833496094
2198, 1691.2201118469238, 1, 37.04842718299915, 291, 504137,                                             148475, 21.793298721313477, 135.07078552246094
2199, -2998.450237631798, 2, 28.39104388600026, 221, 504358,                                             148696, 20.291061401367188, 135.83164978027344
2200, 2281.600077688694, 1, 11.123577600999852, 87, 504445,                                             148783, 20.466270446777344, 135.87716674804688
2201, -2850.1878895759583, 3, 8.316578032998223, 66, 504511,                                             148849, 19.10508155822754, 134.74090576171875
2202, 1760.0889039337635, 1, 38.57230279200303, 312, 504823,                                             149161, 21.1846981048584, 135.7188262939453
2203, -3479.3957135677338, 3, 33.251603479999176, 265, 505088,                                             149426, 22.483675003051758, 136.3997039794922
2204, 2148.495100915432, 1, 20.38363254000069, 118, 505206,                                             149544, 22.931032180786133, 137.21397399902344
2205, -2546.3621125221252, 2, 7.647608005998336, 45, 505251,                                             149589, 21.583141326904297, 135.32594299316406
2206, 2186.628228291869, 1, 30.41478372900019, 170, 505421,                                             149759, 19.79619789123535, 135.47962951660156
2207, -3146.7085350751877, 3, 58.422444256000745, 339, 505760,                                             150098, 20.508413314819336, 137.40081787109375
2208, 1730.4174664020538, 1, 33.481663028000185, 191, 505951,                                             150289, 21.509593963623047, 137.1856231689453
2209, -4236.278530955315, 3, 43.15187989200058, 243, 506194,                                             150532, 20.1923828125, 136.3968048095703
2210, 2240.723066329956, 1, 22.65173500200035, 138, 506332,                                             150670, 22.95220375061035, 136.63014221191406
2211, 2200.601560354233, 1, 19.34308333000081, 116, 506448,                                             150786, 20.47771644592285, 136.7162322998047
2212, 1685.0571808815002, 1, 35.25491169700035, 201, 506649,                                             150987, 19.08827018737793, 136.77621459960938
2213, -2791.668131828308, 3, 32.26901254999757, 186, 506835,                                             151173, 21.941707611083984, 137.01486206054688
2214, 2307.8333162665367, 1, 12.185491379001178, 69, 506904,                                             151242, 20.9797306060791, 135.12960815429688
2215, 2023.5588201284409, 1, 27.73199204100092, 164, 507068,                                             151406, 18.911569595336914, 138.505615234375
2216, -148.4639790058136, 5, 5.604760325997631, 35, 507103,                                             151441, 18.81515884399414, 136.19610595703125
2217, 2370.66364890337, 1, 21.763088567000523, 119, 507222,                                             151560, 21.527324676513672, 138.8072967529297
2218, 1930.77255320549, 1, 32.03728173399941, 185, 507407,                                             151745, 20.897523880004883, 138.07891845703125
2219, -2667.0345940589905, 3, 21.836156176999793, 123, 507530,                                             151868, 21.298784255981445, 137.46092224121094
2220, 2302.9459768533707, 1, 21.723036461000447, 128, 507658,                                             151996, 20.02149200439453, 136.510009765625
2221, -2449.6214141845703, 3, 15.010965052002575, 86, 507744,                                             152082, 20.998022079467773, 135.5033416748047
2222, 1717.7989183962345, 1, 39.552824263999355, 226, 507970,                                             152308, 21.21901512145996, 137.83743286132812
2223, 1242.9210214614868, 1, 44.47212126299928, 259, 508229,                                             152567, 20.010040283203125, 137.87680053710938
2224, -3186.857283592224, 3, 52.94872263100115, 346, 508575,                                             152913, 22.097436904907227, 137.18035888671875
2225, 2052.1476662755013, 1, 25.133736689997022, 204, 508779,                                             153117, 21.587541580200195, 136.5730438232422
2226, 1884.0740729570389, 1, 22.49572473599983, 174, 508953,                                             153291, 20.9677677154541, 137.6935577392578
2227, -2982.088841676712, 3, 13.670953228000144, 108, 509061,                                             153399, 21.777490615844727, 137.84429931640625
2228, 2197.2252650260925, 1, 22.13541707499826, 176, 509237,                                             153575, 23.343170166015625, 137.32652282714844
2229, -209.36300683021545, 1, 83.37140039099904, 673, 509910,                                             154248, 20.805328369140625, 138.64840698242188
2230, -386.79807245731354, 1, 51.12268884199875, 416, 510326,                                             154664, 19.818586349487305, 139.83609008789062
2231, 1188.2784733772278, 1, 33.3381194020003, 277, 510603,                                             154941, 21.2002010345459, 137.71324157714844
