episode, reward, success, duration, steps, total_steps, memory length, avg_critic_loss, avg_actor_loss
101, 2485.1097902953625, 1, 3.729060986001059, 31, 47150,                                             47150, 16.239459991455078, 330.7326354980469
102, 1547.0549048185349, 1, 50.01194042899988, 395, 47545,                                             47545, 17.923931121826172, 331.5914611816406
103, 593.6146993637085, 1, 41.30198469700008, 306, 47851,                                             47851, 17.768430709838867, 329.382568359375
104, 1786.447396993637, 1, 32.2263896860004, 227, 48078,                                             48078, 18.762704849243164, 332.8321228027344
105, 2033.5299085378647, 1, 28.509939042000042, 230, 48308,                                             48308, 17.09882354736328, 330.9381103515625
106, 1948.6508249640465, 1, 30.04724584900032, 222, 48530,                                             48530, 18.8190975189209, 328.4801940917969
107, -4320.737408876419, 3, 46.31000056600169, 382, 48912,                                             48912, 17.66490936279297, 328.2789306640625
108, 2351.788995206356, 1, 14.580859330000749, 120, 49032,                                             49032, 16.609615325927734, 328.2116394042969
109, 1907.5187447071075, 1, 40.254733259000204, 274, 49306,                                             49306, 17.372671127319336, 329.0089111328125
110, -2285.3977025151253, 3, 13.356899829999747, 76, 49382,                                             49382, 19.60822105407715, 329.3078918457031
111, 2271.514413714409, 1, 21.60235884499889, 112, 49494,                                             49494, 16.37813949584961, 328.90496826171875
112, -2847.0392357110977, 3, 31.33746541599976, 202, 49696,                                             49696, 17.479036331176758, 328.7860412597656
113, 2016.1537076830864, 1, 21.72950526400018, 161, 49857,                                             49857, 18.201095581054688, 328.1902160644531
114, 1370.2360663712025, 1, 70.88776176700048, 462, 50319,                                             50319, 17.39406394958496, 328.29034423828125
115, 2174.912112593651, 1, 33.28263638399949, 201, 50520,                                             50520, 18.134096145629883, 325.2333679199219
116, -2830.795716881752, 3, 41.09569472899966, 263, 50783,                                             50783, 17.406461715698242, 327.1612243652344
117, 2215.1882970035076, 1, 23.64399678299924, 156, 50939,                                             50939, 18.585527420043945, 326.1783752441406
118, 1970.0346679091454, 1, 39.479798931000914, 256, 51195,                                             51195, 17.26987075805664, 328.60382080078125
119, 1054.3229908943176, 1, 64.33209608400102, 423, 51618,                                             51618, 18.057373046875, 325.860107421875
120, 1441.0865569114685, 1, 66.55188485100007, 453, 52071,                                             52071, 17.452253341674805, 324.45526123046875
121, 2198.035628080368, 1, 20.278415286999007, 147, 52218,                                             52218, 16.87383270263672, 322.6078796386719
122, 2012.1652351021767, 1, 38.59907498099892, 300, 52518,                                             52518, 17.299625396728516, 322.9302978515625
123, 1730.2043203115463, 1, 42.179324576, 329, 52847,                                             52847, 17.838497161865234, 323.51690673828125
124, -2606.089416861534, 3, 26.203455352000674, 172, 53019,                                             53019, 18.593446731567383, 320.8915100097656
125, 2452.517382979393, 1, 6.094910536001407, 35, 53054,                                             53054, 19.022878646850586, 323.1956481933594
126, 1865.7338754534721, 1, 22.01888458099893, 162, 53216,                                             53216, 18.5476131439209, 323.90704345703125
127, -784.4500772953033, 5, 4.553881593999904, 30, 53246,                                             53246, 17.859556198120117, 316.87237548828125
128, 1685.4227046370506, 1, 37.738837700999284, 316, 53562,                                             53562, 17.210142135620117, 320.9725036621094
129, -3614.7533740997314, 3, 18.367707691999385, 158, 53720,                                             53720, 17.901430130004883, 320.61456298828125
130, 2241.0721989274025, 1, 17.386218112998904, 151, 53871,                                             53871, 18.61505889892578, 318.37493896484375
131, -15236.424317002296, 3, 246.28179344399905, 2282, 56153,                                             56153, 18.141813278198242, 321.4702453613281
132, 1562.7921513319016, 1, 36.630627135000395, 324, 56477,                                             56477, 18.435022354125977, 320.204345703125
133, 608.9531362056732, 1, 67.50274075200105, 591, 57068,                                             57068, 18.137113571166992, 319.2138977050781
134, 615.3026386499405, 1, 73.2529098749983, 614, 57682,                                             57682, 18.006258010864258, 317.3437194824219
135, -3442.7450329065323, 3, 46.45264145100009, 380, 58062,                                             58062, 18.341896057128906, 317.8514404296875
136, 1557.0883551836014, 1, 39.70132266800101, 323, 58385,                                             58385, 18.57602882385254, 316.3470764160156
137, -2914.1258912086487, 3, 37.78265326699875, 317, 58702,                                             58702, 18.72555160522461, 314.40234375
138, 2137.5907002687454, 1, 17.241148043000067, 143, 58845,                                             58845, 18.370811462402344, 316.7016906738281
139, -4645.886695563793, 3, 59.63365536600031, 492, 59337,                                             59337, 18.223466873168945, 313.0257873535156
140, 1711.3801842927933, 1, 35.520564476999425, 285, 59622,                                             59622, 17.721933364868164, 312.9234313964844
141, -2675.058265686035, 3, 18.90193763499883, 150, 59772,                                             59772, 18.627344131469727, 313.4016418457031
142, 2429.3986935019493, 1, 7.067063036998661, 61, 59833,                                             59833, 19.8809814453125, 315.5149841308594
143, 1235.4853230714798, 1, 50.91787028699946, 447, 60280,                                             60280, 17.694299697875977, 311.0380554199219
144, -2325.0590109825134, 3, 9.457621820998611, 98, 60378,                                             60378, 17.424976348876953, 311.22412109375
145, 2296.1669861078262, 1, 11.662316838999686, 125, 60503,                                             60503, 16.442888259887695, 311.4356689453125
146, 1266.8355791568756, 1, 25.029995799999597, 285, 60788,                                             60788, 17.72684669494629, 310.94659423828125
147, -2532.6800072193146, 3, 3.3524276119987917, 30, 60818,                                             60818, 17.169694900512695, 312.1388244628906
148, -2246.8158435821533, 3, 10.46500191999985, 113, 60931,                                             60931, 18.571182250976562, 308.6863708496094
149, 2297.182260900736, 1, 14.02757326900064, 148, 61079,                                             61079, 17.95473289489746, 308.84136962890625
150, 1848.890981912613, 1, 13.442878745998314, 140, 61219,                                             61219, 18.849971771240234, 308.7555236816406
151, 2295.115745007992, 1, 11.956470107001223, 129, 61348,                                             61348, 17.669660568237305, 306.3787841796875
152, 2031.1782382428646, 1, 20.548304350999388, 241, 61589,                                             61589, 19.353492736816406, 307.08721923828125
153, 1483.129019021988, 1, 38.862627878999774, 438, 62027,                                             62027, 18.97577476501465, 304.63934326171875
154, -6670.324560880661, 3, 49.250904018001165, 552, 62579,                                             62579, 17.648197174072266, 303.52569580078125
155, 2350.0902329087257, 1, 10.242871825001203, 120, 62699,                                             62699, 18.50689125061035, 306.71075439453125
156, -3225.8649159669876, 3, 10.084706736000953, 112, 62811,                                             62811, 20.035816192626953, 305.744873046875
157, 2381.7262664437294, 1, 12.353785638999398, 119, 62930,                                             62930, 17.33510398864746, 305.5830383300781
158, -2922.485388457775, 3, 30.03286703500089, 330, 63260,                                             63260, 17.88385772705078, 303.303955078125
159, 2377.067087471485, 1, 7.675638585998968, 78, 63338,                                             63338, 17.715641021728516, 304.0799865722656
160, 2168.2760884463787, 1, 20.107890878000035, 213, 63551,                                             63551, 18.027067184448242, 303.4295654296875
161, -2630.213553905487, 3, 2.9194949909997376, 30, 63581,                                             63581, 16.870676040649414, 304.52972412109375
162, 1752.4335034489632, 1, 22.629445136000868, 249, 63830,                                             63830, 17.732500076293945, 303.4857482910156
163, 1815.724371790886, 1, 29.869484093998835, 331, 64161,                                             64161, 18.561555862426758, 302.9032287597656
164, 1635.0007447004318, 1, 15.935146347001137, 157, 64318,                                             64318, 19.23164939880371, 304.1514587402344
165, -3522.3800946474075, 3, 10.293988879000608, 90, 64408,                                             64408, 20.298465728759766, 302.6067810058594
166, 2020.6326262950897, 1, 15.990520505998575, 165, 64573,                                             64573, 19.086938858032227, 301.5574951171875
167, 2118.251332759857, 1, 22.666828927000097, 234, 64807,                                             64807, 18.523096084594727, 301.3829345703125
168, 1851.0300939679146, 1, 35.23126206699999, 299, 65106,                                             65106, 18.72829818725586, 301.5018310546875
169, 2347.4764590859413, 1, 16.808124062001298, 136, 65242,                                             65242, 17.90030860900879, 301.100830078125
170, -2819.965377807617, 3, 10.996971397999005, 87, 65329,                                             65329, 17.96307945251465, 305.0342712402344
171, 2092.2828978300095, 1, 28.18174149100014, 217, 65546,                                             65546, 18.60394859313965, 301.7198791503906
172, 1983.9108772873878, 1, 22.890862386000663, 207, 65753,                                             65753, 17.766782760620117, 300.4252624511719
173, -2588.2596509456635, 3, 16.45083080999939, 148, 65901,                                             65901, 18.35651206970215, 300.7803955078125
174, 2439.70028424263, 1, 4.215200111999366, 30, 65931,                                             65931, 18.689794540405273, 301.10943603515625
175, 1324.0498443245888, 1, 28.29516166400026, 270, 66201,                                             66201, 18.001855850219727, 301.5860900878906
176, -3460.370461463928, 3, 26.06073418899905, 253, 66454,                                             66454, 18.499942779541016, 300.26739501953125
177, 2072.1697695851326, 1, 19.417881179000688, 192, 66646,                                             66646, 19.54375648498535, 300.24322509765625
178, -5097.399833619595, 3, 54.73759016799886, 620, 67266,                                             67266, 18.725435256958008, 301.3069763183594
179, 2007.4921791553497, 1, 22.609321010999338, 266, 67532,                                             67532, 18.360069274902344, 302.45465087890625
180, 1713.464817225933, 1, 19.36347400699924, 208, 67740,                                             67740, 19.753175735473633, 301.73712158203125
181, -2782.831519126892, 3, 11.268108002999725, 124, 67864,                                             67864, 20.18903923034668, 300.06268310546875
182, 2266.6786754727364, 1, 12.394315278001159, 135, 67999,                                             67999, 19.940967559814453, 300.5644836425781
183, -3204.234971642494, 3, 16.137381856000502, 194, 68193,                                             68193, 19.09641456604004, 301.21820068359375
184, 2140.2728763222694, 1, 18.96357835299932, 220, 68413,                                             68413, 19.7692928314209, 301.30352783203125
185, 1703.4566734433174, 1, 35.463501968000855, 389, 68802,                                             68802, 18.57281494140625, 298.9331359863281
186, 1071.4732847809792, 1, 22.42746026200075, 233, 69035,                                             69035, 19.47722053527832, 298.7947998046875
187, 1947.590791463852, 1, 27.44100317199991, 298, 69333,                                             69333, 19.1269474029541, 298.892822265625
188, 2060.841953933239, 1, 25.91216676699878, 252, 69585,                                             69585, 19.443872451782227, 299.2315673828125
189, 1882.020543038845, 1, 21.99679168900002, 240, 69825,                                             69825, 19.91696548461914, 300.0419006347656
190, 1949.502568602562, 1, 31.10670877999837, 332, 70157,                                             70157, 18.781099319458008, 296.4388427734375
191, -2788.0823994874954, 3, 26.287837562000277, 232, 70389,                                             70389, 20.24462127685547, 299.01019287109375
192, 2394.8742287158966, 1, 7.275559618999978, 74, 70463,                                             70463, 20.573823928833008, 294.732666015625
193, 1201.7493251562119, 1, 46.030899932000466, 440, 70903,                                             70903, 18.590755462646484, 295.8945617675781
194, 2087.6173139214516, 1, 28.29082088299947, 306, 71209,                                             71209, 18.75404167175293, 295.5396423339844
195, 1873.9510745704174, 1, 30.47073960200032, 340, 71549,                                             71549, 19.081485748291016, 292.7122802734375
196, 1972.303141951561, 1, 25.777461968000352, 253, 71802,                                             71802, 19.597230911254883, 293.37164306640625
197, 2023.990446984768, 1, 20.445774117000838, 181, 71983,                                             71983, 18.47283172607422, 288.8605651855469
198, 2197.4734459519386, 1, 15.093103265999162, 157, 72140,                                             72140, 18.920923233032227, 292.6106262207031
199, 1621.8993792533875, 1, 38.69805378699857, 403, 72543,                                             72543, 19.207483291625977, 290.8298645019531
200, 2207.9527829885483, 1, 18.55095163599981, 196, 72739,                                             72739, 18.413286209106445, 292.0984802246094
201, -2948.1617469787598, 2, 3.069439887000044, 30, 72769,                                             72769, 23.292266845703125, 294.15594482421875
202, 2155.5797984600067, 1, 13.328088223999657, 133, 72902,                                             72902, 19.8702335357666, 294.2447204589844
203, 1700.9727734327316, 1, 16.89596563899977, 181, 73083,                                             73083, 18.726791381835938, 293.1150817871094
204, -3141.172766685486, 3, 25.59427745100038, 292, 73375,                                             73375, 20.26521110534668, 290.8048095703125
205, 2410.0197408795357, 1, 6.8162510769998335, 70, 73445,                                             73445, 19.350780487060547, 289.77532958984375
206, 1921.6646184921265, 1, 23.912668821998523, 249, 73694,                                             73694, 19.030370712280273, 289.08740234375
207, 1387.588684976101, 1, 50.000838002999444, 562, 74256,                                             74256, 20.143218994140625, 289.3561706542969
208, 1835.6040337085724, 1, 23.71516173999953, 257, 74513,                                             74513, 19.03498077392578, 289.111083984375
209, -3175.1436705589294, 3, 5.552146328000163, 59, 74572,                                             74572, 20.30445671081543, 286.34478759765625
210, 2325.089217841625, 1, 8.873646485999416, 99, 74671,                                             74671, 20.540742874145508, 287.95050048828125
211, 2094.6532851457596, 1, 18.0101745890006, 198, 74869,                                             74869, 20.457141876220703, 288.870849609375
212, 1064.4826719760895, 1, 32.410333195999556, 347, 75216,                                             75216, 21.090612411499023, 285.9714660644531
213, 1915.0521088838577, 1, 24.99827964999895, 279, 75495,                                             75495, 19.381847381591797, 284.75457763671875
214, 1665.2395677566528, 1, 31.369758071001343, 352, 75847,                                             75847, 18.89972686767578, 283.8179931640625
215, 1775.9657752513885, 1, 34.200080431999595, 390, 76237,                                             76237, 19.04758071899414, 283.1304016113281
216, -3000.778257250786, 3, 16.75743608999983, 176, 76413,                                             76413, 19.379316329956055, 283.1114196777344
217, 2023.7403832674026, 1, 15.702381457000229, 187, 76600,                                             76600, 18.42877960205078, 282.0852966308594
218, 2023.8901991844177, 1, 21.65234867900108, 243, 76843,                                             76843, 19.540802001953125, 283.32659912109375
219, 2183.0631437301636, 1, 18.960897943999953, 211, 77054,                                             77054, 19.04985809326172, 282.3444519042969
220, -2917.8571815490723, 2, 3.139156818999254, 30, 77084,                                             77084, 16.082788467407227, 281.9720764160156
221, 2066.1735881567, 1, 14.747629404999316, 179, 77263,                                             77263, 20.240591049194336, 285.6929931640625
222, 2128.6759321689606, 1, 24.805804079000154, 278, 77541,                                             77541, 19.294527053833008, 281.55303955078125
223, 1503.0946509242058, 1, 38.06106172699947, 438, 77979,                                             77979, 19.78598976135254, 281.84521484375
224, 2033.7827311754227, 1, 25.523037877001116, 285, 78264,                                             78264, 20.110118865966797, 278.79608154296875
225, 2122.977663576603, 1, 17.78783551000015, 194, 78458,                                             78458, 19.70538330078125, 276.6664733886719
226, -705.265120267868, 5, 2.7202845360006904, 30, 78488,                                             78488, 22.137645721435547, 279.3843078613281
227, 2027.2081445455551, 1, 20.35738487999879, 236, 78724,                                             78724, 18.24943733215332, 277.5776062011719
228, -2810.2586994171143, 3, 5.851216584000213, 64, 78788,                                             78788, 19.890094757080078, 279.859619140625
229, 995.2999578714371, 1, 32.63698478600054, 350, 79138,                                             79138, 19.848861694335938, 278.9680480957031
230, 1654.9040884971619, 1, 33.47102696500042, 369, 79507,                                             79507, 20.36667251586914, 277.0316467285156
231, -3483.042942762375, 3, 19.593856984000013, 223, 79730,                                             79730, 20.414615631103516, 278.2072448730469
232, 2310.1703464388847, 1, 11.092493160000231, 116, 79846,                                             79846, 20.655136108398438, 276.9716491699219
233, 1706.149291291833, 1, 24.252756988998954, 274, 80120,                                             80120, 19.156179428100586, 276.5735778808594
234, -2583.2642287015915, 3, 18.771112344000358, 191, 80311,                                             80311, 18.931509017944336, 276.7449951171875
235, 1991.6987726092339, 1, 19.18809238599897, 216, 80527,                                             80527, 20.502962112426758, 276.538330078125
236, -4283.311025440693, 3, 32.6812166740001, 367, 80894,                                             80894, 19.498855590820312, 274.7179260253906
237, 1967.173495233059, 1, 22.46894287900068, 251, 81145,                                             81145, 20.249967575073242, 276.1599426269531
238, -3238.7009649276733, 3, 15.781843757000388, 173, 81318,                                             81318, 18.73409652709961, 273.8754577636719
239, 2359.2241916656494, 1, 7.38999134200094, 81, 81399,                                             81399, 18.87051773071289, 275.0540771484375
240, 1907.0521560013294, 1, 31.745424771001126, 342, 81741,                                             81741, 19.45111656188965, 273.6556091308594
241, -2926.1472778320312, 2, 3.0712330599999405, 30, 81771,                                             81771, 19.035268783569336, 275.25152587890625
242, 2310.9970623850822, 1, 11.901500166000915, 138, 81909,                                             81909, 19.782299041748047, 274.3651428222656
243, 1845.3133986592293, 1, 24.26997732000018, 276, 82185,                                             82185, 19.445716857910156, 270.0248107910156
244, 1131.6728127598763, 1, 38.63921943400055, 417, 82602,                                             82602, 19.644960403442383, 273.1841735839844
245, 2056.5492604076862, 1, 25.72553606099973, 253, 82855,                                             82855, 18.36174774169922, 271.84344482421875
246, 1989.438281148672, 1, 28.009477354999035, 302, 83157,                                             83157, 19.723981857299805, 271.29803466796875
247, -513.4257123470306, 1, 76.13301583400062, 859, 84016,                                             84016, 19.009870529174805, 269.12109375
248, 2096.016705930233, 1, 21.008648578001157, 243, 84259,                                             84259, 19.549312591552734, 267.99127197265625
249, 2090.903980076313, 1, 19.714000480000323, 230, 84489,                                             84489, 19.033199310302734, 265.3904113769531
250, -5590.59476852417, 2, 14.247459164000247, 144, 84633,                                             84633, 19.633155822753906, 266.3161926269531
251, 2325.226493000984, 1, 12.893471732999387, 144, 84777,                                             84777, 18.81515121459961, 269.3106994628906
252, -3556.171413362026, 3, 32.72197736700036, 367, 85144,                                             85144, 18.748870849609375, 266.8689880371094
253, 2342.0571441948414, 1, 11.680249012000786, 126, 85270,                                             85270, 19.139667510986328, 267.620361328125
254, -2605.575474858284, 3, 11.501850435999586, 126, 85396,                                             85396, 20.01972770690918, 265.4416198730469
255, 2259.647833943367, 1, 12.90921041600086, 149, 85545,                                             85545, 20.187795639038086, 268.5955810546875
256, -2911.475369334221, 3, 28.550713904000077, 289, 85834,                                             85834, 18.2323055267334, 265.18548583984375
257, 2048.609922647476, 1, 18.739488024999446, 205, 86039,                                             86039, 19.81883430480957, 266.25823974609375
258, -3225.2383868694305, 3, 22.2070518799992, 241, 86280,                                             86280, 18.761341094970703, 265.6675720214844
259, 2116.157920897007, 1, 14.70621174200096, 156, 86436,                                             86436, 18.427488327026367, 264.9036560058594
260, -3470.315106332302, 3, 32.621784593000484, 367, 86803,                                             86803, 19.428857803344727, 264.7664489746094
261, 2111.882546186447, 1, 11.25070862299981, 125, 86928,                                             86928, 19.953346252441406, 263.39501953125
262, -2429.6246007084846, 3, 15.800656976000027, 174, 87102,                                             87102, 18.574525833129883, 264.6280212402344
263, 2301.562552511692, 1, 9.464783380999506, 110, 87212,                                             87212, 18.888036727905273, 264.12628173828125
264, 1425.068689495325, 1, 19.69259236200014, 211, 87423,                                             87423, 20.14975357055664, 262.6934509277344
265, 700.7728630900383, 1, 29.39104661700003, 342, 87765,                                             87765, 19.80436897277832, 263.4696960449219
266, 2056.570417404175, 1, 16.18586911100101, 194, 87959,                                             87959, 19.305627822875977, 263.07427978515625
267, 2122.5941764116287, 1, 16.795002158998614, 195, 88154,                                             88154, 19.51140022277832, 261.7057800292969
268, -2780.573305130005, 2, 3.320299001999956, 30, 88184,                                             88184, 21.26406478881836, 267.5358581542969
269, 2187.1187158823013, 1, 11.775166576000629, 160, 88344,                                             88344, 20.307405471801758, 262.3796691894531
270, 1706.2631519436836, 1, 30.052148340000713, 359, 88703,                                             88703, 19.001907348632812, 262.7246398925781
271, 2238.9741229712963, 1, 20.945729060000303, 227, 88930,                                             88930, 18.34686279296875, 259.6089172363281
272, 2030.9407633543015, 1, 19.058859142000074, 221, 89151,                                             89151, 20.1400146484375, 259.9822082519531
273, 759.3964282274246, 1, 42.3852468540008, 476, 89627,                                             89627, 19.40563201904297, 260.4008483886719
274, 1746.6613426059484, 1, 40.155274749000455, 460, 90087,                                             90087, 18.93045425415039, 259.8927917480469
275, -2605.273479580879, 3, 10.07205918100044, 110, 90197,                                             90197, 19.955202102661133, 259.9908447265625
276, 1287.065361559391, 1, 39.55417000600028, 438, 90635,                                             90635, 19.15403175354004, 258.7200012207031
277, 1468.8523473143578, 1, 20.142651166001087, 220, 90855,                                             90855, 20.40372657775879, 258.22515869140625
278, 1931.4776445031166, 1, 20.568746656001167, 247, 91102,                                             91102, 19.354373931884766, 257.6867980957031
279, 1987.501873910427, 1, 30.183194941000693, 346, 91448,                                             91448, 19.333850860595703, 258.1018371582031
280, 1571.3472504615784, 1, 23.882700665999437, 264, 91712,                                             91712, 19.558523178100586, 256.4168395996094
281, 2092.0841062366962, 1, 22.33789244900072, 248, 91960,                                             91960, 20.005695343017578, 258.0112609863281
282, -3175.5532942414284, 3, 31.940876090999154, 364, 92324,                                             92324, 19.113758087158203, 254.69593811035156
283, -2308.013359069824, 3, 12.097358994999013, 140, 92464,                                             92464, 20.56513023376465, 258.68145751953125
284, 2101.9925584197044, 1, 19.281546841000818, 200, 92664,                                             92664, 18.158039093017578, 255.73373413085938
285, 2051.0578153431416, 1, 18.774957490000816, 216, 92880,                                             92880, 19.567461013793945, 256.8829650878906
286, -815.1056929826736, 1, 42.02202666199992, 482, 93362,                                             93362, 19.07236099243164, 255.8268585205078
287, 1988.666710615158, 1, 23.260662623000826, 274, 93636,                                             93636, 19.221607208251953, 255.51145935058594
288, 1699.0570086240768, 1, 24.85048074000042, 288, 93924,                                             93924, 19.644498825073242, 254.77581787109375
289, -3146.68357950449, 3, 25.64193100400007, 291, 94215,                                             94215, 19.433757781982422, 254.7154541015625
290, 2267.753848671913, 1, 14.902038805999837, 160, 94375,                                             94375, 18.663297653198242, 253.46072387695312
291, 1745.2652261853218, 1, 22.607740892999573, 253, 94628,                                             94628, 18.837182998657227, 254.2743377685547
292, -2321.0795735120773, 3, 6.6310316040016914, 70, 94698,                                             94698, 18.96677017211914, 252.489013671875
293, -2772.9361481666565, 3, 13.938497378998363, 173, 94871,                                             94871, 19.125669479370117, 252.58975219726562
294, 2268.0007841587067, 1, 9.906798211999558, 101, 94972,                                             94972, 19.53851890563965, 251.34310913085938
295, 2046.0445551872253, 1, 21.87909204099924, 246, 95218,                                             95218, 19.173309326171875, 252.76455688476562
296, -2822.989111304283, 3, 13.805443958999604, 144, 95362,                                             95362, 20.94516944885254, 251.389892578125
297, 2192.9906675219536, 1, 14.720631678001155, 149, 95511,                                             95511, 19.216093063354492, 251.56729125976562
298, 2089.541994869709, 1, 16.135061757000585, 180, 95691,                                             95691, 19.093332290649414, 252.15322875976562
299, -2433.289687871933, 3, 10.183626305999496, 103, 95794,                                             95794, 17.526294708251953, 248.45802307128906
300, 2186.984461545944, 1, 15.221286799000154, 180, 95974,                                             95974, 17.979196548461914, 248.76454162597656
301, 2086.503974676132, 1, 23.44785692699952, 278, 96252,                                             96252, 19.449506759643555, 250.73715209960938
302, 824.2543007731438, 1, 28.240477470999394, 317, 96569,                                             96569, 18.894094467163086, 248.7703857421875
303, 2206.526885509491, 1, 17.4829804530018, 193, 96762,                                             96762, 18.178630828857422, 249.4189453125
304, 1927.1178089678288, 1, 26.046696669000085, 279, 97041,                                             97041, 18.930801391601562, 249.5493621826172
305, 1832.5943452119827, 1, 29.318838266000967, 334, 97375,                                             97375, 19.836938858032227, 249.15090942382812
306, -2537.9035103321075, 3, 12.634750583998539, 124, 97499,                                             97499, 17.44044303894043, 245.77874755859375
307, 2179.9562335014343, 1, 17.930932900999323, 177, 97676,                                             97676, 19.9249210357666, 249.73463439941406
308, 1802.878853648901, 1, 24.387838257998737, 247, 97923,                                             97923, 20.298236846923828, 248.9180908203125
309, -2924.8286640048027, 3, 18.178579779998472, 192, 98115,                                             98115, 19.482168197631836, 248.8275604248047
310, 2342.5053607821465, 1, 12.349468922000597, 114, 98229,                                             98229, 17.84747886657715, 245.22218322753906
311, -4854.339904487133, 3, 53.99709364900082, 559, 98788,                                             98788, 19.419885635375977, 246.71253967285156
312, 2465.654080092907, 1, 3.6201474579993373, 37, 98825,                                             98825, 20.320392608642578, 250.4326171875
313, 1918.604037463665, 1, 22.270500823000475, 249, 99074,                                             99074, 18.92168617248535, 247.0231170654297
314, -840.3392200469971, 5, 3.194747659999848, 30, 99104,                                             99104, 19.780778884887695, 246.87631225585938
315, 2356.5081123411655, 1, 10.866411218999929, 124, 99228,                                             99228, 20.333566665649414, 249.12124633789062
316, -3122.338434934616, 3, 17.931911611000032, 205, 99433,                                             99433, 18.999374389648438, 245.9586181640625
317, 2355.424461722374, 1, 6.239253966999968, 67, 99500,                                             99500, 21.54034423828125, 248.33740234375
318, 1710.8756090402603, 1, 24.05671630500001, 277, 99777,                                             99777, 18.744808197021484, 246.02586364746094
319, -2919.3576765060425, 3, 18.147218298001462, 196, 99973,                                             99973, 19.710708618164062, 247.10232543945312
320, 2077.896190688014, 1, 19.7681794300006, 232, 100205,                                             100205, 18.514053344726562, 244.67689514160156
321, 1722.9534682035446, 1, 32.781461380998735, 359, 100564,                                             100564, 18.53714370727539, 244.09552001953125
322, 1803.3842402398586, 1, 32.30237099000078, 373, 100937,                                             100937, 19.880672454833984, 246.3096923828125
323, -2853.8319647312164, 3, 7.899132692999046, 88, 101025,                                             101025, 19.14055633544922, 245.38339233398438
324, 2358.7421139478683, 1, 10.926190904001487, 125, 101150,                                             101150, 17.595130920410156, 244.78782653808594
325, 2192.5976417660713, 1, 15.488838864001082, 155, 101305,                                             101305, 21.188472747802734, 244.51438903808594
326, -3082.2495110034943, 3, 24.783466367000074, 302, 101607,                                             101607, 18.514184951782227, 244.92837524414062
327, 2096.116201400757, 1, 11.262625391000256, 118, 101725,                                             101725, 18.982513427734375, 243.6212158203125
328, 1947.1945943832397, 1, 17.337660032000713, 195, 101920,                                             101920, 19.597272872924805, 243.0438690185547
329, 1167.138622134924, 1, 15.317039001000012, 168, 102088,                                             102088, 18.590940475463867, 243.8599090576172
330, -2934.2967891693115, 2, 3.163415361999796, 30, 102118,                                             102118, 26.1917724609375, 246.57571411132812
331, -2715.49204570055, 3, 18.25306714800172, 204, 102322,                                             102322, 18.96560287475586, 243.55609130859375
332, 2463.3396061360836, 1, 4.357035300001371, 45, 102367,                                             102367, 17.515026092529297, 242.59483337402344
333, 2127.7856144607067, 1, 18.58931807799854, 210, 102577,                                             102577, 20.39263343811035, 243.99205017089844
334, 2129.9116711616516, 1, 22.198748310000155, 240, 102817,                                             102817, 19.108598709106445, 242.35772705078125
335, 1492.3272724449635, 1, 23.204023196998605, 270, 103087,                                             103087, 20.08088493347168, 243.5578155517578
336, 2125.083595484495, 1, 17.19034242000089, 192, 103279,                                             103279, 19.29827117919922, 240.6400909423828
337, 2018.915519297123, 1, 17.295728458000667, 213, 103492,                                             103492, 18.461654663085938, 242.27333068847656
338, -2448.012069284916, 3, 11.270676819998698, 126, 103618,                                             103618, 19.283428192138672, 240.46485900878906
339, 2262.489328145981, 1, 9.938501223999992, 124, 103742,                                             103742, 19.139728546142578, 242.22776794433594
340, 1839.5126638412476, 1, 27.492198014999303, 294, 104036,                                             104036, 19.379362106323242, 241.65794372558594
341, -33.673271119594574, 1, 20.890095316999577, 271, 104307,                                             104307, 19.237445831298828, 240.14288330078125
342, -2710.8686017990112, 3, 22.842174752000574, 241, 104548,                                             104548, 18.768043518066406, 241.9766845703125
343, 2127.6723321676254, 1, 14.323737519998758, 161, 104709,                                             104709, 19.370637893676758, 243.30226135253906
344, -2948.3365631103516, 2, 3.1325483309992705, 30, 104739,                                             104739, 21.891996383666992, 242.66685485839844
345, 2075.7934055626392, 1, 17.651251616998707, 201, 104940,                                             104940, 18.886659622192383, 239.8865203857422
346, 1210.6337812542915, 1, 23.363149099999646, 229, 105169,                                             105169, 18.606660842895508, 240.0591583251953
347, 1667.3817020654678, 1, 30.356226580999646, 345, 105514,                                             105514, 19.193971633911133, 237.78817749023438
348, 2145.29760530591, 1, 17.73546072800127, 196, 105710,                                             105710, 19.354536056518555, 239.0373077392578
349, 2009.5409918427467, 1, 23.034565542000564, 269, 105979,                                             105979, 19.255258560180664, 238.6080780029297
350, -2488.000481367111, 3, 2.6073671169997397, 30, 106009,                                             106009, 17.77430534362793, 237.25291442871094
351, 2272.7728761434555, 1, 12.634766485, 150, 106159,                                             106159, 19.362415313720703, 237.932861328125
352, 2159.753371268511, 1, 18.450178294999205, 200, 106359,                                             106359, 21.571134567260742, 237.0760498046875
353, 2266.7319409251213, 1, 13.425635677998798, 153, 106512,                                             106512, 18.463973999023438, 236.05287170410156
354, 1357.2584151029587, 1, 21.365248107998923, 256, 106768,                                             106768, 18.24593734741211, 236.38421630859375
355, 1896.2132458388805, 1, 22.384629505999328, 252, 107020,                                             107020, 19.25193214416504, 235.54550170898438
356, 2154.629829198122, 1, 20.459746030001043, 226, 107246,                                             107246, 19.415376663208008, 236.1649169921875
357, 1308.2047407627106, 1, 26.65882440799942, 266, 107512,                                             107512, 19.826066970825195, 232.27374267578125
358, 2143.091963171959, 1, 21.073834435001118, 211, 107723,                                             107723, 18.87336540222168, 234.20570373535156
359, 2103.964023321867, 1, 20.37169652600096, 196, 107919,                                             107919, 20.052303314208984, 232.96580505371094
360, -2535.701056241989, 3, 14.326422949001426, 154, 108073,                                             108073, 19.717300415039062, 233.0455322265625
361, 2174.704580783844, 1, 19.530251412001235, 213, 108286,                                             108286, 18.68773651123047, 232.69305419921875
362, -2474.743326663971, 3, 3.2631088720008847, 40, 108326,                                             108326, 18.400680541992188, 234.91891479492188
363, 2331.993119239807, 1, 7.692046468000626, 87, 108413,                                             108413, 18.927257537841797, 235.0696563720703
364, 1898.3880964517593, 1, 27.333183814000222, 308, 108721,                                             108721, 20.08875846862793, 234.39962768554688
365, -8192.107079744339, 3, 95.59270281099998, 1074, 109795,                                             109795, 19.64947509765625, 231.95599365234375
366, 2308.3151808977127, 1, 14.36148748800042, 163, 109958,                                             109958, 19.105995178222656, 234.18431091308594
367, 2038.0382535010576, 1, 24.207677385000352, 284, 110242,                                             110242, 19.49394989013672, 230.27645874023438
368, 1121.2934512495995, 1, 34.146406780999314, 398, 110640,                                             110640, 19.71397590637207, 231.3743896484375
369, 2313.1876347362995, 1, 12.527344299000106, 140, 110780,                                             110780, 17.830554962158203, 233.42886352539062
370, -2435.5380380153656, 3, 3.737938613001461, 30, 110810,                                             110810, 18.714059829711914, 229.94407653808594
371, 2369.5763645768166, 1, 8.636684512001011, 98, 110908,                                             110908, 17.017152786254883, 230.6287078857422
372, 2036.713103607297, 1, 25.726811034999628, 295, 111203,                                             111203, 18.50115966796875, 230.3827362060547
373, 1779.06892567873, 1, 27.547425916000066, 327, 111530,                                             111530, 20.010231018066406, 231.28817749023438
374, 2226.684183359146, 1, 21.397042849001082, 221, 111751,                                             111751, 17.597915649414062, 230.7624053955078
375, 1913.084201514721, 1, 26.490025844999764, 307, 112058,                                             112058, 18.832738876342773, 230.55369567871094
376, 2313.762380361557, 1, 11.70948781900006, 131, 112189,                                             112189, 19.216575622558594, 227.206787109375
377, 1694.25838971138, 1, 24.192285320999872, 286, 112475,                                             112475, 20.61256980895996, 229.3076934814453
378, -3037.416780233383, 3, 13.093029179999576, 153, 112628,                                             112628, 18.61904525756836, 229.8816680908203
379, 2235.4328087568283, 1, 11.297397592001289, 124, 112752,                                             112752, 19.022459030151367, 229.1509246826172
380, 2160.8980973660946, 1, 18.902219818999583, 220, 112972,                                             112972, 17.741010665893555, 229.05780029296875
381, -843.1802225112915, 5, 3.11827822199848, 30, 113002,                                             113002, 22.052343368530273, 228.025634765625
382, 1790.6080703735352, 1, 19.763627709000502, 214, 113216,                                             113216, 18.489849090576172, 228.71044921875
383, 2255.5934553444386, 1, 16.2008540679999, 206, 113422,                                             113422, 19.350461959838867, 229.1220245361328
384, -3968.9177795648575, 3, 19.022916362000615, 224, 113646,                                             113646, 18.32906723022461, 226.0806884765625
385, 2385.6895742714405, 1, 9.249562834000244, 104, 113750,                                             113750, 17.196664810180664, 225.93142700195312
386, -2787.681025326252, 3, 16.95201655099845, 193, 113943,                                             113943, 19.57634735107422, 227.40097045898438
387, 2157.479890525341, 1, 11.993797608998648, 138, 114081,                                             114081, 19.786500930786133, 225.86029052734375
388, 2233.944266885519, 1, 17.712253950001468, 206, 114287,                                             114287, 18.67235565185547, 227.86489868164062
389, -3613.1360123455524, 3, 52.03167933499935, 467, 114754,                                             114754, 19.10454750061035, 227.37037658691406
390, 1836.0454209446907, 1, 41.59455933999925, 292, 115046,                                             115046, 18.578519821166992, 227.77500915527344
391, -2333.68143594265, 3, 20.524313885000083, 144, 115190,                                             115190, 19.86520767211914, 225.1439208984375
392, 2312.6879817545414, 1, 23.471881666999252, 165, 115355,                                             115355, 18.173845291137695, 224.93484497070312
393, -4378.22725713253, 3, 63.311277355998755, 414, 115769,                                             115769, 19.080154418945312, 226.02911376953125
394, 2384.2017696499825, 1, 11.612093877000007, 72, 115841,                                             115841, 20.654233932495117, 224.21543884277344
395, 2296.6564412117004, 1, 23.00015153899949, 163, 116004,                                             116004, 18.77155113220215, 227.5343475341797
396, -2876.8725986480713, 3, 4.779454953000823, 30, 116034,                                             116034, 19.69392967224121, 227.19891357421875
397, 2345.355093628168, 1, 12.107608514001186, 87, 116121,                                             116121, 20.361774444580078, 225.84185791015625
398, 2044.3457287549973, 1, 34.01610301499932, 241, 116362,                                             116362, 18.36115264892578, 225.57456970214844
399, 1964.6333087682724, 1, 29.243653175999498, 206, 116568,                                             116568, 18.94879722595215, 224.82508850097656
400, 2086.5292127132416, 1, 38.912237120999634, 280, 116848,                                             116848, 18.703012466430664, 225.24098205566406
401, 1973.7550459504128, 1, 36.11176966400126, 272, 117120,                                             117120, 19.432600021362305, 225.21351623535156
402, 2210.797045111656, 1, 29.033189824000146, 201, 117321,                                             117321, 17.773109436035156, 225.37548828125
403, 2209.489906400442, 1, 33.03715976500098, 232, 117553,                                             117553, 17.209074020385742, 223.43409729003906
404, 2089.245065957308, 1, 31.627622416999657, 233, 117786,                                             117786, 18.877227783203125, 224.41285705566406
405, 1324.2112877964973, 1, 42.27018622899777, 314, 118100,                                             118100, 18.364755630493164, 223.79994201660156
406, 2151.897453278303, 1, 32.31854661200123, 210, 118310,                                             118310, 18.127534866333008, 222.07974243164062
407, 1869.0779266953468, 1, 41.39000948800094, 279, 118589,                                             118589, 18.98984146118164, 225.6465301513672
408, -2323.6786943674088, 3, 17.73637024400159, 128, 118717,                                             118717, 17.283466339111328, 225.24258422851562
409, -4825.763838887215, 3, 77.53744850700241, 523, 119240,                                             119240, 18.40519905090332, 223.25157165527344
410, 2114.803657591343, 1, 27.055229753001186, 187, 119427,                                             119427, 19.91385269165039, 222.56517028808594
411, -3732.428375482559, 3, 63.004965522999555, 419, 119846,                                             119846, 18.92786407470703, 221.247802734375
412, 1944.4645498394966, 1, 29.827491600997746, 213, 120059,                                             120059, 19.82105255126953, 223.50918579101562
413, 2099.407432228327, 1, 30.396958063996863, 221, 120280,                                             120280, 18.05497169494629, 223.1088409423828
414, 1916.6154182553291, 1, 30.589973355999973, 232, 120512,                                             120512, 18.937376022338867, 219.90304565429688
415, 2223.110167771578, 1, 25.109155218000524, 185, 120697,                                             120697, 17.364084243774414, 223.4358673095703
416, 1887.6030159592628, 1, 36.056081483002345, 259, 120956,                                             120956, 19.205371856689453, 220.8481903076172
417, 1940.8664156794548, 1, 29.453138754000975, 197, 121153,                                             121153, 20.64206314086914, 221.55984497070312
418, 1922.6054982542992, 1, 50.540919839997514, 338, 121491,                                             121491, 20.23747444152832, 221.79800415039062
419, -2927.176374435425, 2, 4.5777359640014765, 30, 121521,                                             121521, 19.388776779174805, 221.389404296875
420, 2193.444811463356, 1, 20.19638986800055, 139, 121660,                                             121660, 20.215158462524414, 220.75326538085938
421, -3648.8979008197784, 3, 21.038567603998672, 160, 121820,                                             121820, 18.605060577392578, 222.3882598876953
422, 2231.737117946148, 1, 19.879912799999147, 141, 121961,                                             121961, 18.29932403564453, 219.7529296875
423, 2135.5341505408287, 1, 27.44928402000005, 208, 122169,                                             122169, 18.58060646057129, 221.15846252441406
424, -2728.944748520851, 3, 16.534536903000117, 118, 122287,                                             122287, 19.204086303710938, 218.7872314453125
425, -2268.0910655260086, 3, 17.290523716997996, 127, 122414,                                             122414, 20.408098220825195, 220.1140594482422
426, 2328.013390183449, 1, 13.40192559299976, 91, 122505,                                             122505, 20.10096549987793, 222.51614379882812
427, 2135.4379960894585, 1, 33.173736272001406, 239, 122744,                                             122744, 19.88113784790039, 219.99008178710938
428, -3599.4049813747406, 3, 20.638354487997276, 161, 122905,                                             122905, 18.894298553466797, 218.8003387451172
429, -2460.482481241226, 3, 15.969783601998643, 119, 123024,                                             123024, 17.020231246948242, 221.17294311523438
430, 2303.177862763405, 1, 18.34001065999837, 143, 123167,                                             123167, 19.410114288330078, 223.28680419921875
431, 2121.3090122938156, 1, 31.750473754000268, 244, 123411,                                             123411, 18.492929458618164, 220.30316162109375
432, 1691.0276764333248, 1, 26.64029163699888, 212, 123623,                                             123623, 19.50731086730957, 220.55734252929688
433, 1749.3692316561937, 1, 50.13024206099726, 405, 124028,                                             124028, 18.434650421142578, 220.1591033935547
434, 1515.3302116394043, 1, 48.83714514000167, 376, 124404,                                             124404, 19.76944351196289, 219.50965881347656
435, 2205.3078183829784, 1, 32.34604641600163, 247, 124651,                                             124651, 18.6752872467041, 218.34033203125
436, -2785.063660144806, 3, 11.209794268001133, 84, 124735,                                             124735, 17.67142677307129, 217.3191680908203
437, 2183.8410068154335, 1, 23.91589023800043, 196, 124931,                                             124931, 17.661705017089844, 217.48605346679688
438, 1958.574406325817, 1, 34.009928936000506, 261, 125192,                                             125192, 19.170568466186523, 218.34829711914062
439, -2681.692871391773, 3, 18.692110092000803, 153, 125345,                                             125345, 19.954530715942383, 218.64915466308594
440, 2343.784497022629, 1, 17.24904917099775, 137, 125482,                                             125482, 19.16419219970703, 217.6878204345703
441, -2554.999033689499, 3, 13.818262336000771, 108, 125590,                                             125590, 18.486387252807617, 215.48582458496094
442, 2240.420392602682, 1, 18.349152605998825, 131, 125721,                                             125721, 19.20149803161621, 216.50607299804688
443, 1974.9391351342201, 1, 38.73176001999673, 286, 126007,                                             126007, 18.82288360595703, 217.50613403320312
444, -2670.8041310310364, 3, 18.59676178600057, 129, 126136,                                             126136, 17.995126724243164, 220.78854370117188
445, 2219.8964087069035, 1, 23.884694070999103, 176, 126312,                                             126312, 18.746763229370117, 217.32919311523438
446, 2105.588072746992, 1, 35.56327492299897, 254, 126566,                                             126566, 19.297239303588867, 215.91578674316406
447, -5121.750768661499, 3, 33.7677803330007, 238, 126804,                                             126804, 19.176345825195312, 216.76539611816406
448, 2414.630688905716, 1, 12.605289654002263, 83, 126887,                                             126887, 17.586801528930664, 218.0963134765625
449, -284.00835809111595, 1, 64.19440686399685, 487, 127374,                                             127374, 20.309906005859375, 217.5969696044922
450, 2196.024783819914, 1, 23.568563800999982, 184, 127558,                                             127558, 19.0732421875, 218.44439697265625
451, 2209.6178893446922, 1, 25.99285684899951, 154, 127712,                                             127712, 21.661869049072266, 215.20802307128906
452, 1666.1245235800743, 1, 35.609804890002124, 272, 127984,                                             127984, 20.484682083129883, 215.68783569335938
453, 2174.0261482596397, 1, 24.459974353998405, 198, 128182,                                             128182, 19.464529037475586, 217.98822021484375
454, 2171.145708680153, 1, 37.02651342000172, 262, 128444,                                             128444, 18.43540382385254, 217.61497497558594
455, 1981.5088893175125, 1, 32.31908748699789, 257, 128701,                                             128701, 21.14168357849121, 215.28445434570312
456, -2781.338921546936, 3, 35.14695611099887, 229, 128930,                                             128930, 18.973148345947266, 213.8929443359375
457, 2390.954055428505, 1, 11.838627891000215, 95, 129025,                                             129025, 18.288888931274414, 213.51776123046875
458, 1853.6628898829222, 1, 43.86079591899761, 347, 129372,                                             129372, 18.09440803527832, 213.594970703125
459, 1797.9535943567753, 1, 34.96107780700186, 257, 129629,                                             129629, 19.298137664794922, 215.17245483398438
460, 2070.289638608694, 1, 28.937085983001452, 189, 129818,                                             129818, 19.591352462768555, 213.46945190429688
461, 1746.515082269907, 1, 49.89305501999843, 360, 130178,                                             130178, 18.48617172241211, 214.90579223632812
462, -2421.0216550827026, 3, 9.520815051000682, 72, 130250,                                             130250, 21.952396392822266, 216.19989013671875
463, 2420.0729137659073, 1, 8.91895230099908, 68, 130318,                                             130318, 18.37972640991211, 215.31112670898438
464, -2244.6260216236115, 3, 6.484625048000453, 44, 130362,                                             130362, 18.902788162231445, 211.17401123046875
465, 2015.699809730053, 1, 26.86148537199915, 212, 130574,                                             130574, 18.66102409362793, 213.56439208984375
466, -2904.748296737671, 2, 4.382438222000928, 30, 130604,                                             130604, 15.718598365783691, 213.76614379882812
467, 2127.6360607147217, 1, 17.520902493000904, 139, 130743,                                             130743, 18.740217208862305, 215.1514129638672
468, 2188.67228525877, 1, 22.424970297000982, 174, 130917,                                             130917, 17.7513484954834, 214.39064025878906
469, 1898.2415397763252, 1, 34.863751085998956, 268, 131185,                                             131185, 19.375280380249023, 216.04994201660156
470, -2375.4357722997665, 3, 9.611783907002973, 74, 131259,                                             131259, 20.147172927856445, 213.4984130859375
471, 2205.564881801605, 1, 21.675967740000488, 172, 131431,                                             131431, 19.987558364868164, 214.0611572265625
472, 1691.7325766384602, 1, 19.683051834999787, 149, 131580,                                             131580, 20.127765655517578, 213.52406311035156
473, -2707.384218931198, 3, 17.961062492002384, 141, 131721,                                             131721, 17.69801902770996, 214.62908935546875
474, 2448.121042907238, 1, 6.091057524001371, 43, 131764,                                             131764, 21.167308807373047, 212.8284454345703
475, 2078.300053715706, 1, 27.547576253000443, 213, 131977,                                             131977, 20.45014190673828, 213.22540283203125
476, -3139.4753336906433, 3, 15.148832283000957, 125, 132102,                                             132102, 18.67310905456543, 213.33792114257812
477, 2102.1246127188206, 1, 25.80558770999778, 199, 132301,                                             132301, 19.68160057067871, 215.08506774902344
478, 1903.9837760925293, 1, 36.12957161399754, 287, 132588,                                             132588, 19.87883949279785, 213.33172607421875
479, -2849.289316177368, 3, 15.999955742001475, 124, 132712,                                             132712, 20.15351676940918, 212.15438842773438
480, 2281.4036152660847, 1, 16.71503840600053, 138, 132850,                                             132850, 17.12213897705078, 210.2438507080078
481, 1846.9784006774426, 1, 39.502797715998895, 316, 133166,                                             133166, 19.003917694091797, 213.96192932128906
482, 2071.9597831070423, 1, 26.89774788900104, 209, 133375,                                             133375, 19.5864200592041, 212.42010498046875
483, 2053.119575738907, 1, 26.294909816002473, 215, 133590,                                             133590, 19.42288589477539, 211.64149475097656
484, -3885.1852208971977, 3, 40.66063955900245, 320, 133910,                                             133910, 18.805316925048828, 211.2815399169922
485, 2203.00937718153, 1, 19.37293033699825, 155, 134065,                                             134065, 19.020584106445312, 211.59664916992188
486, 1926.359319821, 1, 31.231237416999647, 230, 134295,                                             134295, 18.622358322143555, 213.1431884765625
487, -2528.0995783805847, 3, 9.010890351000853, 63, 134358,                                             134358, 19.177955627441406, 211.82174682617188
488, 2085.2641227841377, 1, 24.067497858002753, 195, 134553,                                             134553, 19.14539337158203, 210.18948364257812
489, 1261.8001597821712, 1, 40.1479634770003, 307, 134860,                                             134860, 20.20348358154297, 211.6036834716797
490, 2260.949976980686, 1, 23.207248344999243, 175, 135035,                                             135035, 19.52533531188965, 209.64122009277344
491, 2197.732929825783, 1, 23.671205720002035, 190, 135225,                                             135225, 20.00978660583496, 210.87535095214844
492, -2403.8026089668274, 3, 13.016018062000512, 96, 135321,                                             135321, 18.490188598632812, 212.9958953857422
493, 2267.7881513834, 1, 14.788079648998973, 116, 135437,                                             135437, 20.095033645629883, 215.24771118164062
494, 1006.339472591877, 1, 31.670444652001606, 250, 135687,                                             135687, 20.331743240356445, 211.0264434814453
495, -2860.7254276275635, 3, 4.5872623739996925, 30, 135717,                                             135717, 19.701641082763672, 216.31410217285156
496, 2333.3684415519238, 1, 14.950039716000902, 109, 135826,                                             135826, 19.054702758789062, 211.5073699951172
497, -3079.8992128372192, 3, 20.388735979999183, 158, 135984,                                             135984, 19.28180694580078, 210.98768615722656
498, 2341.3638792037964, 1, 5.965567019000446, 42, 136026,                                             136026, 19.638309478759766, 207.5264129638672
499, 2184.327720105648, 1, 24.42141339000227, 190, 136216,                                             136216, 20.46227264404297, 208.833740234375
500, 2010.1660447120667, 1, 38.076161602002685, 307, 136523,                                             136523, 18.90578269958496, 210.8007049560547
501, -2870.0520343780518, 2, 4.218824950999988, 31, 136554,                                             136554, 20.709009170532227, 211.35177612304688
502, 2277.266945898533, 1, 19.01294020899877, 151, 136705,                                             136705, 20.73636245727539, 211.32318115234375
503, -673.6102259159088, 5, 4.3980111479977495, 30, 136735,                                             136735, 21.248109817504883, 207.6801300048828
504, 2286.742507070303, 1, 24.212264928002696, 195, 136930,                                             136930, 19.206201553344727, 211.6162109375
505, -125.10901474952698, 5, 4.1440173579976545, 30, 136960,                                             136960, 17.988027572631836, 211.1591033935547
506, 2097.5136873722076, 1, 14.758315048999066, 118, 137078,                                             137078, 20.027055740356445, 209.7544708251953
507, -2704.567164003849, 3, 24.598532530999364, 178, 137256,                                             137256, 20.2154598236084, 210.3249053955078
508, 2105.7108273506165, 1, 17.010204335998424, 123, 137379,                                             137379, 20.595258712768555, 212.65817260742188
509, 2081.998105406761, 1, 30.434894976002397, 215, 137594,                                             137594, 17.570314407348633, 208.96786499023438
510, 2000.5151133835316, 1, 37.14887758500117, 267, 137861,                                             137861, 20.31446075439453, 209.76889038085938
511, -2791.2941584587097, 3, 10.576254412000708, 67, 137928,                                             137928, 20.207134246826172, 206.6621551513672
512, 2225.690999865532, 1, 15.019282236000436, 117, 138045,                                             138045, 20.72300910949707, 209.58030700683594
513, 2221.396997153759, 1, 24.401854308998736, 196, 138241,                                             138241, 18.322830200195312, 209.86680603027344
514, -2744.9490743875504, 3, 10.852097685001354, 82, 138323,                                             138323, 19.22393226623535, 209.65438842773438
515, 2129.890893936157, 1, 25.215166304999002, 188, 138511,                                             138511, 18.623748779296875, 209.6514129638672
516, 2091.367887556553, 1, 33.04576667500078, 234, 138745,                                             138745, 19.915700912475586, 209.68017578125
517, 1568.1573359966278, 1, 41.23186589899706, 284, 139029,                                             139029, 20.431602478027344, 207.55545043945312
518, 2067.9031170606613, 1, 27.598548882000614, 213, 139242,                                             139242, 18.504356384277344, 208.0966339111328
519, 1797.9777060747147, 1, 36.86862340099833, 279, 139521,                                             139521, 19.641521453857422, 208.95045471191406
520, -8252.28762960434, 3, 151.86606112899972, 1032, 140553,                                             140553, 19.888025283813477, 208.98390197753906
521, 2197.7941586077213, 1, 26.104394403999322, 167, 140720,                                             140720, 18.443817138671875, 208.0283203125
522, -200.93662810325623, 5, 6.77836198300065, 45, 140765,                                             140765, 21.931854248046875, 205.59385681152344
523, 2161.504540681839, 1, 25.77588270599881, 163, 140928,                                             140928, 17.795513153076172, 208.67250061035156
524, 2217.742904007435, 1, 31.853677553001035, 178, 141106,                                             141106, 21.312969207763672, 211.67913818359375
525, 1286.9276932775974, 1, 49.745647669999016, 287, 141393,                                             141393, 19.678970336914062, 208.718017578125
526, 2242.322036832571, 1, 25.598550943999726, 163, 141556,                                             141556, 20.235065460205078, 208.70346069335938
527, 2262.002512037754, 1, 26.342341956999007, 165, 141721,                                             141721, 18.33546257019043, 205.97158813476562
528, 1672.201038569212, 1, 58.556086963999405, 401, 142122,                                             142122, 19.86845588684082, 207.1936798095703
529, -2690.641166448593, 3, 20.389788559998124, 133, 142255,                                             142255, 17.497297286987305, 209.46627807617188
530, 2005.8053408265114, 1, 32.68481536600302, 224, 142479,                                             142479, 19.015138626098633, 206.1104736328125
531, 2029.6497477144003, 1, 41.43305311900258, 283, 142762,                                             142762, 19.722970962524414, 209.42527770996094
532, 1822.6913388371468, 1, 45.32856804599942, 268, 143030,                                             143030, 20.55019187927246, 205.70977783203125
533, 1540.1574214994907, 1, 44.03832681900167, 290, 143320,                                             143320, 19.648391723632812, 205.8929901123047
534, -2915.5651931762695, 2, 4.787637481000274, 30, 143350,                                             143350, 17.831510543823242, 209.44825744628906
535, 2112.826253503561, 1, 24.583786913997756, 169, 143519,                                             143519, 20.73783302307129, 206.78285217285156
